1 7.65541
2 10.0671
3 11.5185
4 12.6558
5 13.619
6 14.3516
7 14.9745
8 15.4652
9 15.9017
10 16.2466
11 16.5648
12 16.8194
13 17.0709
14 17.2753
15 17.4776
16 17.6473
17 17.8119
18 17.9428
19 18.0779
20 18.1851
21 18.2967
22 18.3814
23 18.4741
24 18.5432
25 18.619
26 18.667
27 18.7229
28 18.7531
29 18.7997
30 18.8294
31 18.8709
32 18.8937
33 18.9335
34 18.956
35 18.9962
36 19.0109
37 19.0439
38 19.0527
39 19.0782
40 19.0744
41 19.0979
42 19.0832
43 19.1006
44 19.0878
45 19.1022
46 19.024
47 1.76455e+174
48 18.7384
