# Time-correlated data for fix ave2
# Time v_pxy*v_pxy v_pxz*v_pxz v_pyz*v_pyz v_pxxyy*v_pxxyy v_pxxzz*v_pxxzz v_pyyzz*v_pyyzz
# Timestep: 9363456
0 2292.8 2305.46 2279.36 9156.71 9160.84 9148.83 
5 2173.93 2186.58 2160.47 8689.98 8694.36 8682.33 
10 1987.31 1999.89 1973.7 7950.97 7956.1 7943.93 
15 1786.23 1798.71 1772.36 7145.1 7151.7 7139.39 
20 1594.51 1606.71 1580.42 6374.38 6382.71 6370.07 
25 1424.37 1436.22 1410.09 5688.92 5698.89 5685.73 
30 1279.81 1291.26 1265.38 5106.27 5117.2 5103.89 
35 1160.07 1171.05 1145.49 4623.92 4635.33 4621.98 
40 1062.19 1072.7 1047.57 4230.43 4242.03 4228.65 
45 982.612 992.639 967.993 3910.64 3922.48 3909.27 
50 917.725 927.391 903.078 3649.53 3661.84 3649.03 
55 864.294 873.637 849.513 3434.12 3447.02 3434.69 
60 819.565 828.654 804.759 3254.13 3267.64 3255.38 
65 781.499 790.417 766.807 3100.84 3114.97 3102.7 
70 748.51 757.141 734.069 2967.88 2982.86 2970.36 
75 719.408 727.703 705.264 2851.09 2866.83 2854.23 
80 693.917 701.868 680.078 2749.33 2765.77 2753.27 
90 648.388 655.831 635.097 2567.73 2585.34 2573.37 
100 609.772 617.258 596.754 2414.54 2433.01 2421.14 
110 576.868 584.355 563.33 2283.3 2302.6 2289.61 
120 548.416 555.801 534.245 2170.92 2188.99 2175.5 
130 523.181 530.935 508.758 2073.32 2090.03 2076.35 
140 500.9 509.123 486.434 1986.4 2004.6 1988.88 
150 481.676 490.257 467.093 1908.44 1930.04 1911.74 
160 464.738 474.074 451.255 1840.85 1864.51 1844.93 
180 434.779 445.511 424.224 1724.06 1748.09 1730.11 
200 410.799 422.323 402.381 1628.49 1654.95 1639.93 
220 392.104 403.557 383.388 1547.19 1578.42 1564.49 
240 377.067 388.249 367.754 1484.01 1514.49 1501.03 
260 363.707 375.436 354.128 1433.22 1464.07 1447.74 
280 351.125 363.591 342.552 1386.82 1421.67 1402.58 
300 340.271 352.901 331.97 1346.3 1384.45 1361.4 
320 330.848 343.201 323.315 1311.85 1349.3 1327.66 
360 315.99 326.44 307.183 1246.72 1279.72 1265.32 
400 304.48 313.191 293.152 1191.09 1222.01 1213.59 
440 292.025 302.007 280.603 1141.18 1170.18 1161.22 
480 280.737 291.006 270.807 1102.39 1133.42 1117.52 
520 271.573 283.055 260.018 1071.94 1103.25 1079.87 
560 264.113 275.031 250.559 1038.21 1069.31 1047.63 
600 258.412 266.909 243.772 1006.99 1041.64 1017.01 
640 252.376 260.265 238.894 982.603 1013 998.408 
720 243.45 249.927 228.369 933.955 967.742 959.071 
800 231.688 241.228 218.57 897.548 918.818 918.855 
880 224.511 232.479 209.126 857.606 885.62 886.118 
960 217.982 224.423 201.62 830.203 870.037 863.054 
1040 212.781 216.345 194.701 823.361 856.472 837.799 
1120 205.501 212.632 188.274 800.615 824.766 812.082 
1200 200.471 208.173 182.014 777.462 806.573 790.118 
1280 197.481 204.19 179.156 758.125 790.504 773.227 
1440 189.677 192.767 171.914 723.525 755.241 732.261 
1600 182.228 184.076 162.252 702.279 733.353 710.706 
1760 176.643 175.809 157.555 683.743 698.016 688.648 
1920 170.101 170.513 152.159 681.222 682.99 673.967 
2080 166.445 169.883 150.425 643.915 658.238 642.762 
2240 160.058 165.417 146.957 617.099 642.425 618.85 
2400 156.513 161.255 142.727 613.196 625.233 602.296 
2560 156.342 157.678 139.558 601.901 606.359 590.008 
2880 149.86 153.029 133.514 571.825 585.405 564.524 
3200 140.147 144.538 128.073 563.945 573.883 545.371 
3520 137.688 141.317 124.466 542.294 550.201 537.81 
3840 133.636 134.242 120.94 522.935 529.355 517.237 
4160 129.952 131.882 117.252 498.347 523.314 513.271 
4480 127.951 128.626 114.815 476.721 511.779 485.997 
4800 120.342 126.791 110.255 468.716 491.682 475.305 
5120 118.447 123.804 107.446 455.188 472.021 465.158 
5760 112.869 116.114 101.557 428.046 457.918 438.93 
6400 108.915 110.166 96.8148 405.188 431.978 416.49 
7040 104.809 106.084 93.6164 385.688 417.912 408 
7680 99.8879 106.708 90.2456 379.834 417.049 399.976 
8320 95.514 102.344 87.7038 358.456 393.998 382.981 
8960 92.2289 96.9353 83.5493 344.006 383.356 364.959 
9600 89.4711 96.7848 81.3114 335.704 380.254 357.485 
10240 87.1311 95.1325 79.3041 323.657 365.267 347.234 
11520 81.3781 91.1105 75.1318 298.339 340.147 331.214 
12800 75.8672 84.098 70.8498 285.967 322.976 314.33 
14080 73.2194 80.6187 66.1043 269.949 303.771 299.927 
15360 69.2752 75.0915 62.8788 254.424 291.543 282.71 
16640 70.6052 72.3319 60.839 247.582 283.963 276.088 
17920 66.7705 68.3971 57.1101 234.725 270.371 253.963 
19200 63.8311 67.5786 53.5112 215.852 244.219 229.463 
20480 62.4255 66.2852 52.0196 215.314 241.549 225.177 
23040 60.4999 62.8973 51.546 202.686 238.441 214.643 
25600 57.8586 57.8315 47.35 185.814 214.235 198.969 
28160 54.1713 55.8397 41.5021 182.383 212.193 180.839 
30720 51.9118 53.8601 41.9539 159.137 209.91 177.062 
33280 46.9997 52.2402 37.2577 149.092 207.037 177.212 
35840 47.3057 48.2584 34.8597 137.8 196.239 161.097 
38400 43.8482 48.8617 34.1976 135.157 197.314 140.846 
40960 41.6152 46.4873 32.818 134.072 192.41 142.13 
46080 38.273 42.1784 28.6044 146.541 183.07 142.898 
51200 36.4291 40.5266 27.1044 136.764 165.273 129.408 
56320 34.2333 40.002 24.3869 129.976 149.657 120.338 
61440 32.0747 34.1729 20.8038 131.508 144.775 118.912 
66560 32.0265 31.9776 21.0059 129.515 141.862 106.173 
71680 29.4526 31.2634 19.7801 134.331 143.408 110.78 
76800 22.9981 28.6085 21.4917 114.065 125.764 110.061 
81920 23.9324 27.1578 21.9696 109.932 129.165 95.2921 
92160 23.1701 28.4067 19.2267 93.0507 120.473 81.6698 
102400 22.1978 26.6121 20.3396 94.4916 119.158 74.8726 
112640 18.4486 25.2162 18.5789 82.7232 108.948 55.5787 
122880 13.255 23.5808 20.5607 73.3095 106.738 58.9828 
133120 12.3755 23.0244 17.9348 78.8084 108.232 49.4205 
143360 13.725 22.1438 17.6409 67.5932 103.181 37.6818 
153600 11.2304 19.8576 15.9101 62.8391 91.3852 40.6572 
163840 11.3366 19.1398 15.6828 57.2688 89.4516 48.0636 
184320 11.1209 21.1903 15.5697 55.0557 70.3959 55.9183 
204800 10.1332 17.9657 12.792 46.5452 56.2198 46.1651 
225280 9.3784 12.4013 9.86546 54.5307 62.1555 41.0967 
245760 10.4334 9.07022 10.5884 65.2095 64.7985 54.851 
266240 10.5982 8.57443 11.3432 45.5488 59.8993 54.0533 
286720 5.99833 7.6099 9.06874 40.2523 55.6058 49.4542 
307200 8.05848 9.58019 2.24059 33.8526 53.1557 49.81 
327680 10.4953 7.84565 3.26288 29.4953 49.9302 43.6656 
368640 10.2154 5.56054 5.92926 30.5312 45.6362 44.496 
409600 4.95506 7.55397 5.86541 22.715 42.9387 35.3988 
450560 4.8707 5.44714 2.78733 21.8094 27.0345 26.6978 
491520 4.17328 2.47666 -0.288173 31.4929 35.1263 20.628 
532480 3.34252 2.30474 2.04836 42.2489 32.6082 21.4722 
573440 1.45183 2.60427 4.02013 29.7615 27.4925 -8.07563 
614400 4.70475 0.0478158 0.862476 29.2891 37.5185 5.41076 
655360 2.75339 -3.50175 0.108948 25.7391 43.6398 8.90245 
737280 -0.296779 -0.421763 -1.07148 27.133 35.674 18.1443 
819200 -1.18076 3.09012 1.11222 32.6377 26.9483 6.02354 
901120 2.89626 3.84398 2.11568 31.9915 29.9518 -5.99159 
983040 -2.60565 -2.15385 -1.62996 30.2287 28.5399 -7.65297 
1.06496e+06 0.152715 -4.18002 1.57147 22.4499 13.4808 -13.4177 
1.14688e+06 6.18383 -6.19163 3.63576 18.6524 9.85405 -8.27294 
1.2288e+06 5.55714 -1.74261 0.658002 17.5072 8.45259 -13.1475 
1.31072e+06 2.49564 -0.599214 2.08492 20.3466 3.73741 -11.7709 
1.47456e+06 2.6989 -3.95617 -0.541931 13.2323 -4.78713 7.59659 
1.6384e+06 0.701911 -8.5137 0.592778 6.27489 -6.01273 -4.57403 
1.80224e+06 0.486964 -9.14061 -0.0339184 -1.35049 21.6277 13.611 
1.96608e+06 -0.114153 -5.37771 4.77572 13.5333 9.31885 0.554116 
2.12992e+06 -0.587066 -6.41206 6.56017 16.8032 12.921 0.69301 
2.29376e+06 -3.38121 -2.76946 -0.391433 11.1858 23.8978 22.9199 
2.4576e+06 -0.948459 -3.92749 1.63242 14.6999 39.697 23.7147 
2.62144e+06 -2.84879 -3.92789 1.12214 7.77631 41.4539 17.1096 
2.94912e+06 -6.09853 2.3077 1.53149 7.42122 12.8476 13.6175 
3.2768e+06 -4.68281 0.294707 -1.10254 19.281 15.4885 8.6523 
3.60448e+06 -5.40007 2.36713 -3.67524 3.02491 11.9965 -6.21124 
3.93216e+06 -1.72974 -0.555827 -3.1841 3.69771 20.1263 -6.93445 
4.25984e+06 -5.22488 -3.31303 -1.93705 -0.490533 6.77634 -0.365532 
4.58752e+06 -5.3455 -0.367611 -0.160921 -0.724938 8.70576 -0.345935 
4.9152e+06 -6.09796 5.64607 3.83132 -6.71109 8.359 16.7854 
5.24288e+06 -0.123184 3.52409 -1.8136 -13.3081 -11.6368 7.52145 
5.89824e+06 2.64734 4.10117 -6.55888 -24.6705 -10.6885 -28.0635 
6.5536e+06 1.93932 -0.991444 2.15389 -34.9189 5.04395 -6.49636 
7.20896e+06 9.84823 -3.88532 4.96915 -24.3853 -2.1501 -11.9742 
7.86432e+06 0.591918 -6.56148 2.89683 -29.0373 -3.88013 -2.97379 
8.51968e+06 -0.257573 3.74876 1.87066 -13.6901 -8.60121 -8.02534 
9.17504e+06 -0.218156 2.61168 2.80029 1.02017 6.88425 6.80432 
9.8304e+06 -1.77277 3.11724 3.75471 -10.5856 1.9228 0.30311 
1.04858e+07 -1.29118 -2.99791 -0.877932 -10.5655 5.69211 1.43331 
1.17965e+07 -2.29979 1.05204 -1.86185 8.40934 6.64274 9.36188 
1.31072e+07 -0.439174 0.280017 -5.69268 10.0911 13.0819 0.766613 
1.44179e+07 -0.448724 -1.71154 -2.74561 14.2996 15.48 5.4557 
1.57286e+07 0.947319 -0.875681 -0.843304 15.9339 10.4632 -6.58284 
1.70394e+07 2.65362 -2.40822 -0.445045 14.1284 13.8738 2.29345 
1.83501e+07 1.04329 3.76534 1.88196 -4.12979 20.3738 -5.69224 
1.96608e+07 -2.90201 -2.0806 -0.0848794 -3.71269 -3.7196 -5.94922 
2.09715e+07 -2.41348 -2.43221 -3.4378 -4.77143 8.73451 7.0469 
2.3593e+07 1.59661 0.614577 0.0559542 -8.34707 -20.0976 1.40623 
2.62144e+07 -1.74459 2.78136 5.71426 6.69923 -13.2522 1.38724 
2.88358e+07 1.91877 1.31589 -2.28915 10.2607 15.2097 7.07862 
3.14573e+07 0.985645 2.00988 -1.35873 -7.59597 38.3749 -0.17182 
3.40787e+07 -3.01954 -2.0943 1.03236 6.56624 23.6932 -24.3365 
3.67002e+07 -1.09771 -0.399195 0.861042 4.09994 -38.899 -28.6776 
3.93216e+07 0.163916 -1.38724 0.270573 -1.83756 -74.5886 -3.29538 
