1 7.7742
2 9.7942
3 10.8214
4 11.614
5 12.3813
6 12.9783
7 13.4868
8 13.8847
9 14.246
10 14.5302
11 14.7943
12 15.0047
13 15.2076
14 15.3694
15 15.5303
16 15.6584
17 15.7905
18 15.8952
19 16.0053
20 16.0916
21 16.1856
22 16.2579
23 16.339
24 16.3996
25 16.4704
26 16.5234
27 16.5865
28 16.6302
29 16.6838
30 16.719
31 16.7651
32 16.7927
33 16.8348
34 16.8581
35 16.8948
36 16.9091
37 16.9382
38 16.9428
39 16.9662
40 16.9639
41 16.9818
42 16.9678
43 16.9809
44 16.9512
45 16.9579
46 16.9045
47 16.9178
48 16.7662
