1 7.65317
2 10.0667
3 11.5179
4 12.6552
5 13.6188
6 14.3514
7 14.9742
8 15.4651
9 15.9015
10 16.2463
11 16.5647
12 16.8193
13 17.0707
14 17.2752
15 17.4775
16 17.6471
17 17.8118
18 17.9427
19 18.0778
20 18.1851
21 18.2966
22 18.3812
23 18.474
24 18.5431
25 18.6189
26 18.667
27 18.7228
28 18.7529
29 18.7997
30 18.8293
31 18.8708
32 18.8936
33 18.9334
34 18.9558
35 18.9962
36 19.0108
37 19.0437
38 19.0527
39 19.078
40 19.0741
41 19.0979
42 19.083
43 19.1003
44 19.0877
45 19.1019
46 19.0235
47 18.9899
48 18.7372
