0	1
-179.955	0.00287767
-179.865	0.00287891
-179.775	0.00288395
-179.685	0.00289617
-179.595	0.00287984
-179.505	0.00288945
-179.415	0.00287727
-179.325	0.0028848
-179.235	0.00286658
-179.145	0.00287626
-179.055	0.00288565
-178.965	0.00289247
-178.875	0.00287217
-178.785	0.00289189
-178.695	0.00287016
-178.605	0.00288447
-178.515	0.00286627
-178.425	0.00287957
-178.335	0.00288544
-178.245	0.00287618
-178.155	0.00288182
-178.065	0.00287872
-177.976	0.00287599
-177.886	0.00288224
-177.796	0.00288633
-177.706	0.00287785
-177.616	0.00288315
-177.526	0.00288954
-177.436	0.00288203
-177.346	0.00288279
-177.256	0.00287523
-177.166	0.00289233
-177.076	0.00287299
-176.986	0.00289125
-176.896	0.00288796
-176.806	0.00288898
-176.716	0.00287485
-176.626	0.00289766
-176.536	0.00287953
-176.446	0.00286102
-176.356	0.00287372
-176.266	0.00287672
-176.176	0.00287829
-176.086	0.00288867
-175.996	0.00288608
-175.906	0.00288476
-175.816	0.00288645
-175.726	0.0028951
-175.636	0.00288588
-175.546	0.0028805
-175.456	0.00288526
-175.366	0.00289169
-175.276	0.00288933
-175.186	0.00289977
-175.096	0.00287707
-175.006	0.00287957
-174.916	0.00287804
-174.826	0.00289568
-174.736	0.00288947
-174.646	0.00290023
-174.556	0.00289675
-174.466	0.00288279
-174.376	0.00287849
-174.286	0.00290145
-174.196	0.00288728
-174.106	0.00289865
-174.016	0.00288304
-173.927	0.00289959
-173.837	0.00288139
-173.747	0.00288311
-173.657	0.00289475
-173.567	0.00288817
-173.477	0.00288139
-173.387	0.00288635
-173.297	0.00288997
-173.207	0.00288739
-173.117	0.00287845
-173.027	0.00289524
-172.937	0.00288155
-172.847	0.00287703
-172.757	0.00288424
-172.667	0.00287653
-172.577	0.00288782
-172.487	0.00287978
-172.397	0.0028823
-172.307	0.00289605
-172.217	0.00287843
-172.127	0.00287907
-172.037	0.00288526
-171.947	0.00288695
-171.857	0.00289748
-171.767	0.0028745
-171.677	0.00290136
-171.587	0.00289743
-171.497	0.00288625
-171.407	0.00289539
-171.317	0.00289872
-171.227	0.0028817
-171.137	0.00289102
-171.047	0.002902
-170.957	0.0028898
-170.867	0.00288381
-170.777	0.00288724
-170.687	0.00289899
-170.597	0.00289156
-170.507	0.0028871
-170.417	0.00288997
-170.327	0.00288798
-170.237	0.00290039
-170.147	0.00288476
-170.057	0.00290236
-169.968	0.00290151
-169.878	0.00288759
-169.788	0.00288823
-169.698	0.00290482
-169.608	0.00289394
-169.518	0.00290552
-169.428	0.00290298
-169.338	0.00288916
-169.248	0.00289588
-169.158	0.0029166
-169.068	0.00289111
-168.978	0.00287971
-168.888	0.00289799
-168.798	0.00290229
-168.708	0.00290432
-168.618	0.00290198
-168.528	0.0029014
-168.438	0.00290757
-168.348	0.00291621
-168.258	0.00290341
-168.168	0.00290825
-168.078	0.00289843
-167.988	0.00289783
-167.898	0.00289822
-167.808	0.0029135
-167.718	0.00291009
-167.628	0.00292084
-167.538	0.00290217
-167.448	0.00291435
-167.358	0.00289224
-167.268	0.00291135
-167.178	0.00291061
-167.088	0.00292173
-166.998	0.00290589
-166.908	0.00290304
-166.818	0.0029075
-166.728	0.00291772
-166.638	0.00291933
-166.548	0.00290387
-166.458	0.00292533
-166.368	0.00291946
-166.278	0.00292481
-166.188	0.00291933
-166.098	0.00290815
-166.008	0.00292419
-165.919	0.00291507
-165.829	0.00291319
-165.739	0.00292132
-165.649	0.0029195
-165.559	0.00291509
-165.469	0.00292415
-165.379	0.00292202
-165.289	0.00292676
-165.199	0.0029306
-165.109	0.00293093
-165.019	0.00293389
-164.929	0.00292351
-164.839	0.00291753
-164.749	0.00292101
-164.659	0.00293778
-164.569	0.00292715
-164.479	0.00293736
-164.389	0.00292047
-164.299	0.00293476
-164.209	0.0029349
-164.119	0.00293403
-164.029	0.00294799
-163.939	0.00295082
-163.849	0.0029374
-163.759	0.00294185
-163.669	0.00293918
-163.579	0.00292975
-163.489	0.00292578
-163.399	0.00294706
-163.309	0.00294731
-163.219	0.00294439
-163.129	0.00294669
-163.039	0.00294882
-162.949	0.0029581
-162.859	0.00294714
-162.769	0.00295093
-162.679	0.00295589
-162.589	0.00294778
-162.499	0.00294286
-162.409	0.00295635
-162.319	0.00294677
-162.229	0.00294605
-162.139	0.00294619
-162.049	0.00296439
-161.96	0.00295868
-161.87	0.00294683
-161.78	0.00294789
-161.69	0.00294152
-161.6	0.00295816
-161.51	0.00296375
-161.42	0.00296422
-161.33	0.00295622
-161.24	0.00296404
-161.15	0.00297473
-161.06	0.00297797
-160.97	0.0029587
-160.88	0.00295957
-160.79	0.00297518
-160.7	0.00297138
-160.61	0.00297622
-160.52	0.0029586
-160.43	0.00297533
-160.34	0.00297618
-160.25	0.00297826
-160.16	0.00299284
-160.07	0.00297442
-159.98	0.00297638
-159.89	0.00296925
-159.8	0.0029683
-159.71	0.00297957
-159.62	0.00297677
-159.53	0.00298494
-159.44	0.00299115
-159.35	0.00297907
-159.26	0.00298314
-159.17	0.00297396
-159.08	0.00297936
-158.99	0.00300006
-158.9	0.0029831
-158.81	0.00299133
-158.72	0.00300095
-158.63	0.00298457
-158.54	0.00299373
-158.45	0.00299108
-158.36	0.00298968
-158.27	0.00300153
-158.18	0.00299032
-158.09	0.00299654
-158.0	0.00300287
-157.911	0.00301838
-157.821	0.00301689
-157.731	0.00301346
-157.641	0.00300399
-157.551	0.00302047
-157.461	0.00301745
-157.371	0.00300847
-157.281	0.00299741
-157.191	0.00302233
-157.101	0.00302359
-157.011	0.00301635
-156.921	0.00302237
-156.831	0.00301323
-156.741	0.00302394
-156.651	0.00302473
-156.561	0.00301437
-156.471	0.00301575
-156.381	0.0030075
-156.291	0.00303974
-156.201	0.00302626
-156.111	0.00302204
-156.021	0.00302007
-155.931	0.00303897
-155.841	0.00302442
-155.751	0.00303767
-155.661	0.00304276
-155.571	0.00302059
-155.481	0.00302593
-155.391	0.00303341
-155.301	0.00303231
-155.211	0.00304009
-155.121	0.00303387
-155.031	0.00304522
-154.941	0.00304013
-154.851	0.00304536
-154.761	0.00302828
-154.671	0.00304166
-154.581	0.00305547
-154.491	0.003049
-154.401	0.00305078
-154.311	0.00305268
-154.221	0.0030745
-154.131	0.00305843
-154.041	0.00305363
-153.952	0.00306199
-153.862	0.003063
-153.772	0.00305421
-153.682	0.00306044
-153.592	0.00306701
-153.502	0.00306422
-153.412	0.00306221
-153.322	0.00307392
-153.232	0.00307082
-153.142	0.00304933
-153.052	0.0030629
-152.962	0.00305911
-152.872	0.00304869
-152.782	0.00307251
-152.692	0.00306726
-152.602	0.0030697
-152.512	0.00307572
-152.422	0.00308122
-152.332	0.00307512
-152.242	0.0030648
-152.152	0.00309054
-152.062	0.00308448
-151.972	0.00307295
-151.882	0.0030903
-151.792	0.00308335
-151.702	0.0030722
-151.612	0.00308105
-151.522	0.00307528
-151.432	0.00308711
-151.342	0.0030869
-151.252	0.00308004
-151.162	0.00309793
-151.072	0.00309098
-150.982	0.00309489
-150.892	0.0030875
-150.802	0.00308783
-150.712	0.00311558
-150.622	0.00309596
-150.532	0.00310535
-150.442	0.00308049
-150.352	0.00310704
-150.262	0.00310065
-150.172	0.00309061
-150.082	0.0031154
-149.993	0.00309813
-149.903	0.00308664
-149.813	0.00310859
-149.723	0.00309799
-149.633	0.00309154
-149.543	0.00310919
-149.453	0.00311788
-149.363	0.00310857
-149.273	0.00312096
-149.183	0.00311476
-149.093	0.00311161
-149.003	0.00310936
-148.913	0.00310161
-148.823	0.00312257
-148.733	0.00310845
-148.643	0.00310715
-148.553	0.00311267
-148.463	0.00311699
-148.373	0.00312121
-148.283	0.00312884
-148.193	0.00313359
-148.103	0.00311842
-148.013	0.00312605
-147.923	0.00311587
-147.833	0.00311147
-147.743	0.00313552
-147.653	0.00312991
-147.563	0.00313388
-147.473	0.00314561
-147.383	0.00313978
-147.293	0.00313231
-147.203	0.00312685
-147.113	0.00313268
-147.023	0.00311488
-146.933	0.00313789
-146.843	0.00312737
-146.753	0.00313541
-146.663	0.00312627
-146.573	0.00314666
-146.483	0.00313397
-146.393	0.00313891
-146.303	0.00313148
-146.213	0.00313124
-146.123	0.00313283
-146.033	0.00313814
-145.944	0.00313473
-145.854	0.00313924
-145.764	0.00313787
-145.674	0.00314124
-145.584	0.00315053
-145.494	0.00313864
-145.404	0.00314085
-145.314	0.00315231
-145.224	0.0031411
-145.134	0.0031479
-145.044	0.00313717
-144.954	0.00313678
-144.864	0.00314309
-144.774	0.00315049
-144.684	0.00314902
-144.594	0.0031429
-144.504	0.00313502
-144.414	0.00315214
-144.324	0.00313674
-144.234	0.00315857
-144.144	0.00313918
-144.054	0.00314046
-143.964	0.00311951
-143.874	0.00315495
-143.784	0.00314993
-143.694	0.00315355
-143.604	0.00314317
-143.514	0.00313996
-143.424	0.00315431
-143.334	0.00313012
-143.244	0.00314203
-143.154	0.00316153
-143.064	0.00314391
-142.974	0.00314615
-142.884	0.00314565
-142.794	0.00314323
-142.704	0.00314031
-142.614	0.00313502
-142.524	0.00314517
-142.434	0.00314052
-142.344	0.00313657
-142.254	0.0031503
-142.164	0.00314193
-142.074	0.0031514
-141.985	0.00313792
-141.895	0.00314521
-141.805	0.003141
-141.715	0.00314598
-141.625	0.00313814
-141.535	0.00314995
-141.445	0.00314871
-141.355	0.0031319
-141.265	0.00313773
-141.175	0.00314044
-141.085	0.00312646
-140.995	0.00314459
-140.905	0.00314036
-140.815	0.00313672
-140.725	0.00313789
-140.635	0.00313756
-140.545	0.00312183
-140.455	0.00313614
-140.365	0.00313384
-140.275	0.00313111
-140.185	0.00313496
-140.095	0.0031363
-140.005	0.00313196
-139.915	0.00311864
-139.825	0.00313914
-139.735	0.00314033
-139.645	0.00311124
-139.555	0.00312855
-139.465	0.00312458
-139.375	0.00312026
-139.285	0.00312799
-139.195	0.00313889
-139.105	0.00311217
-139.015	0.00312472
-138.925	0.00313093
-138.835	0.0031363
-138.745	0.00312929
-138.655	0.00312799
-138.565	0.00311875
-138.475	0.00311159
-138.385	0.00311153
-138.295	0.00312162
-138.205	0.00311116
-138.115	0.00312317
-138.025	0.00311856
-137.936	0.00310487
-137.846	0.00309987
-137.756	0.00310192
-137.666	0.00310192
-137.576	0.00311323
-137.486	0.00309921
-137.396	0.00309611
-137.306	0.0031003
-137.216	0.0030983
-137.126	0.00311085
-137.036	0.00308959
-136.946	0.00307712
-136.856	0.00308244
-136.766	0.00310194
-136.676	0.0030934
-136.586	0.00308587
-136.496	0.00308852
-136.406	0.00309695
-136.316	0.00308934
-136.226	0.00308213
-136.136	0.00309209
-136.046	0.00309015
-135.956	0.0030771
-135.866	0.00308031
-135.776	0.00307357
-135.686	0.00308074
-135.596	0.00305893
-135.506	0.00307059
-135.416	0.00307047
-135.326	0.00307355
-135.236	0.00306201
-135.146	0.00306525
-135.056	0.00304954
-134.966	0.00305969
-134.876	0.00304871
-134.786	0.00304009
-134.696	0.0030423
-134.606	0.00306803
-134.516	0.00307018
-134.426	0.00305709
-134.336	0.00305051
-134.246	0.00304743
-134.156	0.00304789
-134.066	0.00304191
-133.977	0.00304009
-133.887	0.00301329
-133.797	0.00302471
-133.707	0.00304911
-133.617	0.00302677
-133.527	0.003038
-133.437	0.0030264
-133.347	0.00302382
-133.257	0.00301501
-133.167	0.00302551
-133.077	0.00301592
-132.987	0.00301344
-132.897	0.00302959
-132.807	0.00300314
-132.717	0.00300395
-132.627	0.00301867
-132.537	0.00299323
-132.447	0.00300318
-132.357	0.00298606
-132.267	0.00299774
-132.177	0.00298116
-132.087	0.00299408
-131.997	0.00298072
-131.907	0.0030051
-131.817	0.0029958
-131.727	0.0029872
-131.637	0.00298153
-131.547	0.00298
-131.457	0.00296977
-131.367	0.00297979
-131.277	0.00297438
-131.187	0.00297779
-131.097	0.00295355
-131.007	0.00296604
-130.917	0.0029593
-130.827	0.00294832
-130.737	0.00294828
-130.647	0.00295599
-130.557	0.00295273
-130.467	0.00295967
-130.377	0.00295018
-130.287	0.00294239
-130.197	0.00294284
-130.107	0.0029489
-130.017	0.00293587
-129.928	0.00292357
-129.838	0.00293077
-129.748	0.00293116
-129.658	0.00291948
-129.568	0.00293503
-129.478	0.00291011
-129.388	0.0029153
-129.298	0.00290645
-129.208	0.00290831
-129.118	0.00289987
-129.028	0.00289193
-128.938	0.00289057
-128.848	0.002908
-128.758	0.00289402
-128.668	0.00289289
-128.578	0.00289047
-128.488	0.00289489
-128.398	0.00288139
-128.308	0.0028762
-128.218	0.00287703
-128.128	0.00288189
-128.038	0.00287641
-127.948	0.00287254
-127.858	0.00286474
-127.768	0.00287973
-127.678	0.00286344
-127.588	0.00286197
-127.498	0.00285949
-127.408	0.00285035
-127.318	0.00284347
-127.228	0.00284543
-127.138	0.00284558
-127.048	0.00285411
-126.958	0.00284057
-126.868	0.0028291
-126.778	0.00283488
-126.688	0.00283424
-126.598	0.00282531
-126.508	0.00281324
-126.418	0.00281907
-126.328	0.00282938
-126.238	0.00281171
-126.148	0.00279117
-126.058	0.00281199
-125.969	0.00280095
-125.879	0.00280662
-125.789	0.00280093
-125.699	0.00279905
-125.609	0.00278726
-125.519	0.00277941
-125.429	0.0027744
-125.339	0.00278034
-125.249	0.0027743
-125.159	0.00276909
-125.069	0.00277587
-124.979	0.00275902
-124.889	0.00276245
-124.799	0.00276787
-124.709	0.00275925
-124.619	0.0027626
-124.529	0.00274911
-124.439	0.00274636
-124.349	0.00275027
-124.259	0.00274471
-124.169	0.00274119
-124.079	0.00272897
-123.989	0.0027279
-123.899	0.00271291
-123.809	0.00273425
-123.719	0.00272757
-123.629	0.00271537
-123.539	0.00270863
-123.449	0.00269552
-123.359	0.00270387
-123.269	0.0027055
-123.179	0.00269349
-123.089	0.00270871
-122.999	0.00270646
-122.909	0.0026967
-122.819	0.00268046
-122.729	0.00268408
-122.639	0.00268656
-122.549	0.00267341
-122.459	0.00266998
-122.369	0.00267656
-122.279	0.00265925
-122.189	0.00266415
-122.099	0.00266045
-122.009	0.00264347
-121.92	0.00265096
-121.83	0.00264217
-121.74	0.0026517
-121.65	0.00264004
-121.56	0.00264153
-121.47	0.00263499
-121.38	0.00261754
-121.29	0.00261376
-121.2	0.00262348
-121.11	0.00261461
-121.02	0.00260433
-120.93	0.0026082
-120.84	0.00260609
-120.75	0.00259074
-120.66	0.00258965
-120.57	0.00260596
-120.48	0.00259575
-120.39	0.00258804
-120.3	0.00259256
-120.21	0.00257478
-120.12	0.00257939
-120.03	0.00258179
-119.94	0.00257445
-119.85	0.00256911
-119.76	0.00256969
-119.67	0.00256825
-119.58	0.00256388
-119.49	0.00255627
-119.4	0.00255873
-119.31	0.0025503
-119.22	0.00254643
-119.13	0.00253533
-119.04	0.00253628
-118.95	0.00253012
-118.86	0.0025228
-118.77	0.00252021
-118.68	0.00251912
-118.59	0.00251829
-118.5	0.00250673
-118.41	0.00249406
-118.32	0.00250291
-118.23	0.00251227
-118.14	0.00250522
-118.05	0.0024986
-117.961	0.0025004
-117.871	0.00249213
-117.781	0.00249894
-117.691	0.00247414
-117.601	0.00247319
-117.511	0.00248001
-117.421	0.00247617
-117.331	0.00247842
-117.241	0.00246796
-117.151	0.00244563
-117.061	0.00245227
-116.971	0.00245524
-116.881	0.00245274
-116.791	0.00245274
-116.701	0.00244703
-116.611	0.00244251
-116.521	0.00242799
-116.431	0.00243504
-116.341	0.00242191
-116.251	0.00242017
-116.161	0.00242981
-116.071	0.00241469
-115.981	0.00242499
-115.891	0.00239739
-115.801	0.0023959
-115.711	0.00240555
-115.621	0.00238992
-115.531	0.00239964
-115.441	0.00238804
-115.351	0.00239381
-115.261	0.00239383
-115.171	0.00239495
-115.081	0.00238027
-114.991	0.00236943
-114.901	0.00238388
-114.811	0.0023758
-114.721	0.00237177
-114.631	0.00237462
-114.541	0.00235826
-114.451	0.00236205
-114.361	0.00237272
-114.271	0.00234882
-114.181	0.00234447
-114.091	0.00235049
-114.001	0.00234807
-113.912	0.00233844
-113.822	0.00232663
-113.732	0.0023393
-113.642	0.00233143
-113.552	0.00232669
-113.462	0.00231546
-113.372	0.00231594
-113.282	0.00232601
-113.192	0.00230858
-113.102	0.00231339
-113.012	0.0022983
-112.922	0.00230523
-112.832	0.00229319
-112.742	0.00229342
-112.652	0.00228904
-112.562	0.00228064
-112.472	0.00227384
-112.382	0.00228531
-112.292	0.00227764
-112.202	0.00226857
-112.112	0.00226387
-112.022	0.0022775
-111.932	0.00225922
-111.842	0.00226267
-111.752	0.00224803
-111.662	0.00225089
-111.572	0.00224702
-111.482	0.0022624
-111.392	0.00225335
-111.302	0.00223463
-111.212	0.00224154
-111.122	0.00224106
-111.032	0.00223104
-110.942	0.00222589
-110.852	0.00221718
-110.762	0.00222314
-110.672	0.00222442
-110.582	0.00222798
-110.492	0.00220767
-110.402	0.00221023
-110.312	0.00220155
-110.222	0.00220273
-110.132	0.00220331
-110.042	0.0022025
-109.953	0.00219379
-109.863	0.00219255
-109.773	0.00219059
-109.683	0.00219903
-109.593	0.00218846
-109.503	0.00216627
-109.413	0.00218091
-109.323	0.00219725
-109.233	0.0021768
-109.143	0.00215933
-109.053	0.00218633
-108.963	0.00216042
-108.873	0.00216185
-108.783	0.00215221
-108.693	0.00216509
-108.603	0.00214504
-108.513	0.00213581
-108.423	0.00214438
-108.333	0.00212734
-108.243	0.00215256
-108.153	0.00214264
-108.063	0.00212632
-107.973	0.00213089
-107.883	0.00213505
-107.793	0.00212874
-107.703	0.00211712
-107.613	0.00212401
-107.523	0.0021177
-107.433	0.0021214
-107.343	0.00211489
-107.253	0.00211183
-107.163	0.00212211
-107.073	0.00210048
-106.983	0.00210732
-106.893	0.00210875
-106.803	0.00209434
-106.713	0.00209769
-106.623	0.00210277
-106.533	0.00210004
-106.443	0.0020944
-106.353	0.00210145
-106.263	0.00209491
-106.173	0.00208019
-106.083	0.00208484
-105.994	0.00208821
-105.904	0.00208391
-105.814	0.00207624
-105.724	0.00208292
-105.634	0.00206762
-105.544	0.00207469
-105.454	0.0020604
-105.364	0.00207397
-105.274	0.00207426
-105.184	0.00206398
-105.094	0.0020604
-105.004	0.00205302
-104.914	0.00206309
-104.824	0.00205116
-104.734	0.00204913
-104.644	0.0020591
-104.554	0.00203948
-104.464	0.00205354
-104.374	0.00204481
-104.284	0.00204963
-104.194	0.00205468
-104.104	0.00203863
-104.014	0.0020524
-103.924	0.00204446
-103.834	0.00203853
-103.744	0.00204008
-103.654	0.00203588
-103.564	0.0020348
-103.474	0.00203846
-103.384	0.00204533
-103.294	0.00202895
-103.204	0.00203325
-103.114	0.00203334
-103.024	0.00202854
-102.934	0.00202666
-102.844	0.00202252
-102.754	0.0020261
-102.664	0.00203555
-102.574	0.00202023
-102.484	0.00201979
-102.394	0.0020346
-102.304	0.00204243
-102.214	0.00203152
-102.124	0.00202047
-102.034	0.00203753
-101.945	0.00202331
-101.855	0.00202602
-101.765	0.00201816
-101.675	0.00202149
-101.585	0.00202097
-101.495	0.00202736
-101.405	0.00203592
-101.315	0.00203003
-101.225	0.00202982
-101.135	0.00203145
-101.045	0.00201952
-100.955	0.00202544
-100.865	0.00204132
-100.775	0.00202374
-100.685	0.00203081
-100.595	0.00203309
-100.505	0.00202337
-100.415	0.00204305
-100.325	0.00203727
-100.235	0.00203412
-100.145	0.00202897
-100.055	0.00204947
-99.965	0.00204562
-99.875	0.00204024
-99.7851	0.0020383
-99.6951	0.0020419
-99.6051	0.0020403
-99.5151	0.00204117
-99.4251	0.00203664
-99.3352	0.00204725
-99.2452	0.00204703
-99.1552	0.00205048
-99.0652	0.00203321
-98.9753	0.0020653
-98.8853	0.00206152
-98.7953	0.00205073
-98.7053	0.00205968
-98.6153	0.00205424
-98.5254	0.00206791
-98.4354	0.00207905
-98.3454	0.00206193
-98.2554	0.00206911
-98.1655	0.0020683
-98.0755	0.0020712
-97.9855	0.00208573
-97.8955	0.00207872
-97.8055	0.00209264
-97.7156	0.00209299
-97.6256	0.00209506
-97.5356	0.00208617
-97.4456	0.00209587
-97.3557	0.00210525
-97.2657	0.0021029
-97.1757	0.00209866
-97.0857	0.00210718
-96.9958	0.00210368
-96.9058	0.0021207
-96.8158	0.00211419
-96.7258	0.00213509
-96.6358	0.00212951
-96.5459	0.00212244
-96.4559	0.00212
-96.3659	0.00212583
-96.2759	0.00214508
-96.186	0.0021456
-96.096	0.00213176
-96.006	0.00216216
-95.916	0.00215364
-95.826	0.0021611
-95.7361	0.00215407
-95.6461	0.00216303
-95.5561	0.00216867
-95.4661	0.00217837
-95.3762	0.00218035
-95.2862	0.00218253
-95.1962	0.00218387
-95.1062	0.00218323
-95.0162	0.00219084
-94.9263	0.00220446
-94.8363	0.00221402
-94.7463	0.00219785
-94.6563	0.00221052
-94.5664	0.00221145
-94.4764	0.00222324
-94.3864	0.00222731
-94.2964	0.00223581
-94.2064	0.00224106
-94.1165	0.0022299
-94.0265	0.00224584
-93.9365	0.0022403
-93.8465	0.00224969
-93.7566	0.00227134
-93.6666	0.00226406
-93.5766	0.00227607
-93.4866	0.00228525
-93.3967	0.00227973
-93.3067	0.00227512
-93.2167	0.00229348
-93.1267	0.00229919
-93.0367	0.00231645
-92.9468	0.00231598
-92.8568	0.00232047
-92.7668	0.00231182
-92.6768	0.00233968
-92.5869	0.00231941
-92.4969	0.00233968
-92.4069	0.00236085
-92.3169	0.00235647
-92.2269	0.00235783
-92.137	0.00236343
-92.047	0.0023629
-91.957	0.00236459
-91.867	0.00238715
-91.7771	0.0023887
-91.6871	0.00238825
-91.5971	0.00239807
-91.5071	0.00240223
-91.4171	0.00241137
-91.3272	0.00241931
-91.2372	0.00243552
-91.1472	0.00244166
-91.0572	0.00243502
-90.9673	0.0024545
-90.8773	0.00246779
-90.7873	0.00245907
-90.6973	0.00246726
-90.6073	0.00246937
-90.5174	0.00248475
-90.4274	0.00247906
-90.3374	0.00250007
-90.2474	0.00248988
-90.1575	0.0025174
-90.0675	0.00251802
-89.9775	0.00252238
-89.8875	0.00252294
-89.7976	0.00253258
-89.7076	0.00253667
-89.6176	0.00256022
-89.5276	0.00255541
-89.4376	0.0025613
-89.3477	0.00256591
-89.2577	0.00258851
-89.1677	0.00259167
-89.0777	0.00258574
-88.9878	0.00260846
-88.8978	0.0026182
-88.8078	0.00260681
-88.7178	0.0026194
-88.6278	0.00262844
-88.5379	0.00263284
-88.4479	0.00264829
-88.3579	0.0026585
-88.2679	0.00265513
-88.178	0.00266372
-88.088	0.00266682
-87.998	0.00267784
-87.908	0.00268135
-87.818	0.002695
-87.7281	0.00270141
-87.6381	0.00271303
-87.5481	0.00270656
-87.4581	0.00273923
-87.3682	0.00272856
-87.2782	0.00272242
-87.1882	0.00275011
-87.0982	0.00274409
-87.0082	0.00276489
-86.9183	0.0027763
-86.8283	0.00278276
-86.7383	0.00278602
-86.6483	0.00277999
-86.5584	0.00280091
-86.4684	0.0028042
-86.3784	0.00281394
-86.2884	0.00282215
-86.1985	0.00283894
-86.1085	0.00284402
-86.0185	0.00284847
-85.9285	0.00286677
-85.8385	0.00286026
-85.7486	0.00288203
-85.6586	0.00287837
-85.5686	0.00288519
-85.4786	0.00290397
-85.3887	0.00291005
-85.2987	0.00290786
-85.2087	0.0029201
-85.1187	0.00293697
-85.0287	0.0029386
-84.9388	0.00295577
-84.8488	0.00295482
-84.7588	0.00298397
-84.6688	0.00297946
-84.5789	0.002986
-84.4889	0.00297609
-84.3989	0.00299681
-84.3089	0.00300213
-84.2189	0.00301693
-84.129	0.00302828
-84.039	0.00303236
-83.949	0.00305223
-83.859	0.0030381
-83.7691	0.00305525
-83.6791	0.00306395
-83.5891	0.00307446
-83.4991	0.00307934
-83.4091	0.00308701
-83.3192	0.0030971
-83.2292	0.00310818
-83.1392	0.00311302
-83.0492	0.00311718
-82.9593	0.00313033
-82.8693	0.00313761
-82.7793	0.00316639
-82.6893	0.00316304
-82.5994	0.00316424
-82.5094	0.00316004
-82.4194	0.00317927
-82.3294	0.00319075
-82.2394	0.00318475
-82.1495	0.0032045
-82.0595	0.00321624
-81.9695	0.00322205
-81.8795	0.00322414
-81.7896	0.00323314
-81.6996	0.00324459
-81.6096	0.00324405
-81.5196	0.00325398
-81.4296	0.00328129
-81.3397	0.00327854
-81.2497	0.00329399
-81.1597	0.00329798
-81.0697	0.00330505
-80.9798	0.00332482
-80.8898	0.00331926
-80.7998	0.00333026
-80.7098	0.00333673
-80.6198	0.00334796
-80.5299	0.00336855
-80.4399	0.00335398
-80.3499	0.00338785
-80.2599	0.00339221
-80.17	0.0033883
-80.08	0.00338173
-79.99	0.00341078
-79.9	0.00342529
-79.81	0.00343247
-79.7201	0.00343617
-79.6301	0.0034468
-79.5401	0.00342742
-79.4501	0.00345139
-79.3602	0.00345904
-79.2702	0.00347283
-79.1802	0.0034797
-79.0902	0.00350705
-79.0002	0.00350927
-78.9103	0.00351059
-78.8203	0.00350937
-78.7303	0.00353455
-78.6403	0.00353464
-78.5504	0.00353571
-78.4604	0.003539
-78.3704	0.00356847
-78.2804	0.0035635
-78.1905	0.0035872
-78.1005	0.00360114
-78.0105	0.00359785
-77.9205	0.00360513
-77.8305	0.00360374
-77.7406	0.00362066
-77.6506	0.0036331
-77.5606	0.00364293
-77.4706	0.00364851
-77.3807	0.00364452
-77.2907	0.00365417
-77.2007	0.00366344
-77.1107	0.00368604
-77.0207	0.00368033
-76.9308	0.00368724
-76.8408	0.00370324
-76.7508	0.00370432
-76.6608	0.00373029
-76.5709	0.00371145
-76.4809	0.00372808
-76.3909	0.00373668
-76.3009	0.00375022
-76.2109	0.00376035
-76.121	0.00375734
-76.031	0.00376701
-75.941	0.00377909
-75.851	0.00379168
-75.7611	0.00379524
-75.6711	0.00380076
-75.5811	0.00382373
-75.4911	0.00381213
-75.4011	0.00383107
-75.3112	0.00383486
-75.2212	0.00384389
-75.1312	0.00385043
-75.0412	0.00387522
-74.9513	0.00388297
-74.8613	0.00387733
-74.7713	0.00388227
-74.6813	0.00389199
-74.5914	0.00391339
-74.5014	0.00391025
-74.4114	0.00392693
-74.3214	0.00392116
-74.2314	0.00393826
-74.1415	0.00394838
-74.0515	0.00396378
-73.9615	0.00395264
-73.8715	0.00395942
-73.7816	0.00396258
-73.6916	0.00397749
-73.6016	0.00397865
-73.5116	0.00399012
-73.4216	0.00400749
-73.3317	0.00399883
-73.2417	0.00401754
-73.1517	0.00404748
-73.0617	0.00403284
-72.9718	0.00403144
-72.8818	0.00403468
-72.7918	0.00405332
-72.7018	0.00407211
-72.6118	0.00406107
-72.5219	0.00407989
-72.4319	0.00407972
-72.3419	0.00411088
-72.2519	0.00409039
-72.162	0.00408987
-72.072	0.00411103
-71.982	0.00411698
-71.892	0.00414459
-71.802	0.00413139
-71.7121	0.00415395
-71.6221	0.0041394
-71.5321	0.00415674
-71.4421	0.00415449
-71.3522	0.00418259
-71.2622	0.00417957
-71.1722	0.00418503
-71.0822	0.00418906
-70.9923	0.00419004
-70.9023	0.00418981
-70.8123	0.00420637
-70.7223	0.00422651
-70.6323	0.0042408
-70.5424	0.00423197
-70.4524	0.00422089
-70.3624	0.00424059
-70.2724	0.00426082
-70.1825	0.00423695
-70.0925	0.0042677
-70.0025	0.00425821
-69.9125	0.00427409
-69.8225	0.00427101
-69.7326	0.00427397
-69.6426	0.0042903
-69.5526	0.00429849
-69.4626	0.00429609
-69.3727	0.00429901
-69.2827	0.00430844
-69.1927	0.00434214
-69.1027	0.00431468
-69.0127	0.00434177
-68.9228	0.00432006
-68.8328	0.00435672
-68.7428	0.00436648
-68.6528	0.00435889
-68.5629	0.00437219
-68.4729	0.00435178
-68.3829	0.00437006
-68.2929	0.00436964
-68.2029	0.00439108
-68.113	0.0043823
-68.023	0.00439491
-67.933	0.00440163
-67.843	0.00440696
-67.7531	0.00441792
-67.6631	0.00440446
-67.5731	0.00441834
-67.4831	0.00442146
-67.3932	0.00442884
-67.3032	0.00443349
-67.2132	0.00443223
-67.1232	0.00444507
-67.0332	0.00446197
-66.9433	0.00446801
-66.8533	0.00446224
-66.7633	0.00447026
-66.6733	0.00445758
-66.5834	0.00447102
-66.4934	0.00448554
-66.4034	0.00446145
-66.3134	0.00445595
-66.2234	0.00447076
-66.1335	0.00448114
-66.0435	0.00449371
-65.9535	0.00449803
-65.8635	0.00450779
-65.7736	0.00450988
-65.6836	0.00450518
-65.5936	0.00451573
-65.5036	0.00452518
-65.4136	0.00452452
-65.3237	0.004527
-65.2337	0.00450374
-65.1437	0.0045265
-65.0537	0.0045399
-64.9638	0.00454199
-64.8738	0.00454247
-64.7838	0.00456019
-64.6938	0.00455212
-64.6038	0.00454271
-64.5139	0.00454865
-64.4239	0.00455733
-64.3339	0.00455919
-64.2439	0.00456399
-64.154	0.00457112
-64.064	0.00456352
-63.974	0.00455779
-63.884	0.00456327
-63.7941	0.00458496
-63.7041	0.0045747
-63.6141	0.00456761
-63.5241	0.00456995
-63.4341	0.00458324
-63.3442	0.00458107
-63.2542	0.00456656
-63.1642	0.00457332
-63.0742	0.00459184
-62.9843	0.00458167
-62.8943	0.00457115
-62.8043	0.00458074
-62.7143	0.00458616
-62.6243	0.00459401
-62.5344	0.00460464
-62.4444	0.00457656
-62.3544	0.00461031
-62.2644	0.00457694
-62.1745	0.00460735
-62.0845	0.00459799
-61.9945	0.00459555
-61.9045	0.00460642
-61.8145	0.00459563
-61.7246	0.00457753
-61.6346	0.00459447
-61.5446	0.00459577
-61.4546	0.0046003
-61.3647	0.00457689
-61.2747	0.00459523
-61.1847	0.00460965
-61.0947	0.00460427
-61.0047	0.00460346
-60.9148	0.00457346
-60.8248	0.00458893
-60.7348	0.00457824
-60.6448	0.00458463
-60.5549	0.00458595
-60.4649	0.00457708
-60.3749	0.00459457
-60.2849	0.00458012
-60.195	0.00457917
-60.105	0.00458287
-60.015	0.0045715
-59.925	0.00456672
-59.835	0.00458448
-59.7451	0.00456999
-59.6551	0.00457342
-59.5651	0.00457652
-59.4751	0.00455007
-59.3852	0.00456697
-59.2952	0.00455804
-59.2052	0.00457046
-59.1152	0.00455752
-59.0252	0.00456275
-58.9353	0.00454699
-58.8453	0.00455278
-58.7553	0.00455806
-58.6653	0.00456012
-58.5754	0.00452869
-58.4854	0.00453839
-58.3954	0.00453438
-58.3054	0.00453819
-58.2154	0.00454185
-58.1255	0.0045178
-58.0355	0.00451761
-57.9455	0.00451329
-57.8555	0.00452125
-57.7656	0.00450638
-57.6756	0.00451792
-57.5856	0.00450163
-57.4956	0.00449569
-57.4056	0.00449884
-57.3157	0.00450022
-57.2257	0.00449693
-57.1357	0.0044899
-57.0457	0.00448405
-56.9558	0.00447483
-56.8658	0.00445401
-56.7758	0.0044678
-56.6858	0.00447793
-56.5959	0.00444756
-56.5059	0.0044629
-56.4159	0.00444532
-56.3259	0.0044311
-56.2359	0.00441375
-56.146	0.00444021
-56.056	0.00441056
-55.966	0.00440277
-55.876	0.00440845
-55.7861	0.00440777
-55.6961	0.00440341
-55.6061	0.00439625
-55.5161	0.00437496
-55.4261	0.00437212
-55.3362	0.00437113
-55.2462	0.00435279
-55.1562	0.00436096
-55.0662	0.00433887
-54.9763	0.00434671
-54.8863	0.00432514
-54.7963	0.00432684
-54.7063	0.00432035
-54.6163	0.00432475
-54.5264	0.00431925
-54.4364	0.00430252
-54.3464	0.00429661
-54.2564	0.00428557
-54.1665	0.00427432
-54.0765	0.00426828
-53.9865	0.00426661
-53.8965	0.00425771
-53.8065	0.00424711
-53.7166	0.00423025
-53.6266	0.00422436
-53.5366	0.00423063
-53.4466	0.00419217
-53.3567	0.00419849
-53.2667	0.00419336
-53.1767	0.00419043
-53.0867	0.0041817
-52.9968	0.00417684
-52.9068	0.00417622
-52.8168	0.00414976
-52.7268	0.00413743
-52.6368	0.00414051
-52.5469	0.00412383
-52.4569	0.00411142
-52.3669	0.00409221
-52.2769	0.00409116
-52.187	0.00409934
-52.097	0.00407951
-52.007	0.00409459
-51.917	0.00405454
-51.827	0.00405664
-51.7371	0.0040498
-51.6471	0.00404691
-51.5571	0.00401845
-51.4671	0.00400708
-51.3772	0.00402186
-51.2872	0.00401206
-51.1972	0.00397828
-51.1072	0.00398245
-51.0172	0.00397271
-50.9273	0.00396666
-50.8373	0.00395148
-50.7473	0.00393192
-50.6573	0.0039425
-50.5674	0.00391841
-50.4774	0.00390719
-50.3874	0.00390386
-50.2974	0.00389767
-50.2074	0.0038965
-50.1175	0.0038699
-50.0275	0.00385469
-49.9375	0.003835
-49.8475	0.0038324
-49.7576	0.00382255
-49.6676	0.00383359
-49.5776	0.0037946
-49.4876	0.00382061
-49.3977	0.003777
-49.3077	0.00377177
-49.2177	0.00375684
-49.1277	0.00375638
-49.0377	0.00374406
-48.9478	0.00370864
-48.8578	0.00372324
-48.7678	0.00370395
-48.6778	0.00370355
-48.5879	0.00368864
-48.4979	0.00368391
-48.4079	0.00366427
-48.3179	0.00367994
-48.2279	0.00364491
-48.138	0.00362893
-48.048	0.0036353
-47.958	0.0036122
-47.868	0.00360258
-47.7781	0.00359406
-47.6881	0.0035682
-47.5981	0.00357138
-47.5081	0.00356015
-47.4181	0.00353294
-47.3282	0.00352967
-47.2382	0.00353292
-47.1482	0.00350697
-47.0582	0.00351262
-46.9683	0.0034895
-46.8783	0.00348553
-46.7883	0.00346746
-46.6983	0.00345889
-46.6083	0.00345131
-46.5184	0.00343528
-46.4284	0.00342525
-46.3384	0.00340677
-46.2484	0.00340838
-46.1585	0.00338894
-46.0685	0.00337873
-45.9785	0.0033523
-45.8885	0.00335693
-45.7986	0.00333363
-45.7086	0.00332112
-45.6186	0.00331707
-45.5286	0.00331465
-45.4386	0.0032998
-45.3487	0.00329897
-45.2587	0.00327174
-45.1687	0.00328568
-45.0787	0.00325954
-44.9888	0.00326328
-44.8988	0.00323551
-44.8088	0.00323258
-44.7188	0.00321982
-44.6288	0.00319441
-44.5389	0.00318893
-44.4489	0.00318324
-44.3589	0.00318006
-44.2689	0.00315853
-44.179	0.0031503
-44.089	0.0031327
-43.999	0.00312739
-43.909	0.0031197
-43.819	0.00309836
-43.7291	0.0030996
-43.6391	0.00307572
-43.5491	0.00308041
-43.4591	0.00305756
-43.3692	0.00304977
-43.2792	0.0030306
-43.1892	0.00303471
-43.0992	0.0030173
-43.0092	0.00301145
-42.9193	0.0029854
-42.8293	0.00298856
-42.7393	0.00297349
-42.6493	0.00296999
-42.5594	0.00295754
-42.4694	0.00295025
-42.3794	0.0029154
-42.2894	0.00291871
-42.1995	0.00289855
-42.1095	0.00288451
-42.0195	0.00288856
-41.9295	0.00285465
-41.8395	0.00287589
-41.7496	0.00285577
-41.6596	0.00283869
-41.5696	0.00283476
-41.4796	0.00282194
-41.3897	0.00281427
-41.2997	0.00281987
-41.2097	0.00279365
-41.1197	0.00277874
-41.0297	0.00277537
-40.9398	0.00276204
-40.8498	0.00275224
-40.7598	0.0027317
-40.6698	0.00274177
-40.5799	0.00272012
-40.4899	0.00270881
-40.3999	0.00269808
-40.3099	0.0026865
-40.2199	0.00269424
-40.13	0.0026609
-40.04	0.00267031
-39.95	0.00264145
-39.86	0.00263764
-39.7701	0.00263109
-39.6801	0.00262798
-39.5901	0.00260071
-39.5001	0.00260462
-39.4101	0.00259476
-39.3202	0.00258793
-39.2302	0.00257879
-39.1402	0.00256618
-39.0502	0.00256192
-38.9603	0.0025431
-38.8703	0.0025474
-38.7803	0.00253508
-38.6903	0.00251262
-38.6003	0.00251384
-38.5104	0.00250018
-38.4204	0.00249358
-38.3304	0.00248554
-38.2404	0.00246589
-38.1505	0.0024649
-38.0605	0.00245801
-37.9705	0.00245644
-37.8805	0.00244449
-37.7906	0.00241817
-37.7006	0.00241881
-37.6106	0.00241507
-37.5206	0.00240326
-37.4306	0.00239315
-37.3407	0.00237739
-37.2507	0.00237042
-37.1607	0.00235849
-37.0707	0.00235611
-36.9808	0.00235392
-36.8908	0.0023521
-36.8008	0.00232437
-36.7108	0.00231697
-36.6208	0.00231703
-36.5309	0.00231437
-36.4409	0.00230283
-36.3509	0.0023006
-36.2609	0.00228387
-36.171	0.00227338
-36.081	0.00227868
-35.991	0.0022512
-35.901	0.00225196
-35.811	0.00224022
-35.7211	0.00223244
-35.6311	0.00222299
-35.5411	0.00221199
-35.4511	0.00221466
-35.3612	0.00219797
-35.2712	0.00218997
-35.1812	0.00217789
-35.0912	0.00218021
-35.0012	0.00216512
-34.9113	0.00217709
-34.8213	0.00215715
-34.7313	0.00216174
-34.6413	0.00214574
-34.5514	0.00213081
-34.4614	0.00212223
-34.3714	0.00211464
-34.2814	0.00210968
-34.1915	0.00211398
-34.1015	0.0020958
-34.0115	0.00209421
-33.9215	0.00207926
-33.8315	0.00206756
-33.7416	0.00207271
-33.6516	0.00207291
-33.5616	0.00204909
-33.4716	0.00204124
-33.3817	0.00203886
-33.2917	0.00203423
-33.2017	0.00201816
-33.1117	0.00203127
-33.0217	0.00201351
-32.9318	0.00202232
-32.8418	0.00200406
-32.7518	0.00200091
-32.6618	0.00199903
-32.5719	0.0019857
-32.4819	0.00198623
-32.3919	0.00197548
-32.3019	0.00196285
-32.2119	0.00195633
-32.122	0.00194897
-32.032	0.00194556
-31.942	0.00194845
-31.852	0.00194513
-31.7621	0.00192877
-31.6721	0.00192414
-31.5821	0.00191603
-31.4921	0.00191748
-31.4021	0.00190702
-31.3122	0.00189637
-31.2222	0.00189033
-31.1322	0.00189893
-31.0422	0.0018913
-30.9523	0.00188059
-30.8623	0.00187455
-30.7723	0.00188123
-30.6823	0.00186541
-30.5924	0.0018474
-30.5024	0.00184697
-30.4124	0.00185419
-30.3224	0.00184418
-30.2324	0.00183096
-30.1425	0.00183367
-30.0525	0.00182797
-29.9625	0.00182948
-29.8725	0.00180135
-29.7826	0.00182116
-29.6926	0.001807
-29.6026	0.00180878
-29.5126	0.00180849
-29.4226	0.00179422
-29.3327	0.00180001
-29.2427	0.00177617
-29.1527	0.00177689
-29.0627	0.00177108
-28.9728	0.00176932
-28.8828	0.00175812
-28.7928	0.0017697
-28.7028	0.00176267
-28.6128	0.00174451
-28.5229	0.00174193
-28.4329	0.00174414
-28.3429	0.00174993
-28.2529	0.0017288
-28.163	0.00172698
-28.073	0.00172708
-27.983	0.00172317
-27.893	0.00171792
-27.803	0.0017185
-27.7131	0.00171786
-27.6231	0.00170568
-27.5331	0.00170833
-27.4431	0.00170622
-27.3532	0.00169788
-27.2632	0.00169178
-27.1732	0.00168831
-27.0832	0.00167894
-26.9933	0.00167838
-26.9033	0.00167073
-26.8133	0.00167749
-26.7233	0.00166815
-26.6333	0.00166714
-26.5434	0.00167131
-26.4534	0.0016666
-26.3634	0.00164464
-26.2734	0.00165194
-26.1835	0.00165746
-26.0935	0.00165008
-26.0035	0.00164509
-25.9135	0.00164563
-25.8235	0.00164321
-25.7336	0.00163848
-25.6436	0.00162419
-25.5536	0.00163614
-25.4636	0.00161645
-25.3737	0.00163511
-25.2837	0.00163595
-25.1937	0.00161191
-25.1037	0.00161459
-25.0137	0.00161594
-24.9238	0.00160405
-24.8338	0.00161093
-24.7438	0.00160624
-24.6538	0.00159472
-24.5639	0.00158442
-24.4739	0.00159538
-24.3839	0.00158589
-24.2939	0.00158395
-24.2039	0.00158229
-24.114	0.00159512
-24.024	0.00157946
-23.934	0.00157735
-23.844	0.00157287
-23.7541	0.00157549
-23.6641	0.00156933
-23.5741	0.00155969
-23.4841	0.00156393
-23.3942	0.00156302
-23.3042	0.00155508
-23.2142	0.00156265
-23.1242	0.00156619
-23.0342	0.00155841
-22.9443	0.00155115
-22.8543	0.00154375
-22.7643	0.00154654
-22.6743	0.00155219
-22.5844	0.00154458
-22.4944	0.00153862
-22.4044	0.00153734
-22.3144	0.0015329
-22.2244	0.00153753
-22.1345	0.00153484
-22.0445	0.00153395
-21.9545	0.00152454
-21.8645	0.00152938
-21.7746	0.00152593
-21.6846	0.00152729
-21.5946	0.00151778
-21.5046	0.00151505
-21.4146	0.0015201
-21.3247	0.00150932
-21.2347	0.00151735
-21.1447	0.00151888
-21.0547	0.00151958
-20.9648	0.00151993
-20.8748	0.00150974
-20.7848	0.00150145
-20.6948	0.00150914
-20.6048	0.00151336
-20.5149	0.00150728
-20.4249	0.00149919
-20.3349	0.00150763
-20.2449	0.00149185
-20.155	0.00149586
-20.065	0.0014903
-19.975	0.00149894
-19.885	0.00149644
-19.7951	0.0014831
-19.7051	0.00150215
-19.6151	0.00149408
-19.5251	0.00147814
-19.4351	0.00149208
-19.3452	0.0014855
-19.2552	0.00148219
-19.1652	0.0014819
-19.0752	0.00149276
-18.9853	0.00147041
-18.8953	0.00147773
-18.8053	0.00147986
-18.7153	0.00148302
-18.6253	0.0014825
-18.5354	0.00147882
-18.4454	0.00146445
-18.3554	0.00146629
-18.2654	0.00146301
-18.1755	0.00147388
-18.0855	0.00147636
-17.9955	0.00147076
-17.9055	0.00145587
-17.8155	0.00145701
-17.7256	0.00146127
-17.6356	0.00146168
-17.5456	0.0014586
-17.4556	0.0014617
-17.3657	0.00146948
-17.2757	0.00146447
-17.1857	0.00145413
-17.0957	0.00146559
-17.0057	0.00145498
-16.9158	0.00145296
-16.8258	0.00146311
-16.7358	0.00145629
-16.6458	0.00144992
-16.5559	0.00144959
-16.4659	0.00145732
-16.3759	0.00145457
-16.2859	0.00144783
-16.196	0.00144222
-16.106	0.00145982
-16.016	0.00145699
-15.926	0.00144803
-15.836	0.00144599
-15.7461	0.00144754
-15.6561	0.00145056
-15.5661	0.00144677
-15.4761	0.00144723
-15.3862	0.00144886
-15.2962	0.00144347
-15.2062	0.00145281
-15.1162	0.00144965
-15.0262	0.0014476
-14.9363	0.00144272
-14.8463	0.00144533
-14.7563	0.00144131
-14.6663	0.00144431
-14.5764	0.00144502
-14.4864	0.00143935
-14.3964	0.00143447
-14.3064	0.00143666
-14.2164	0.00143354
-14.1265	0.00143493
-14.0365	0.00143856
-13.9465	0.0014323
-13.8565	0.00144727
-13.7666	0.00143215
-13.6766	0.00143116
-13.5866	0.00143451
-13.4966	0.00144065
-13.4066	0.00143617
-13.3167	0.00143646
-13.2267	0.00142043
-13.1367	0.00143265
-13.0467	0.00143009
-12.9568	0.00142804
-12.8668	0.0014366
-12.7768	0.00142531
-12.6868	0.00143081
-12.5969	0.00143335
-12.5069	0.00142372
-12.4169	0.0014244
-12.3269	0.00143176
-12.2369	0.0014288
-12.147	0.00141725
-12.057	0.00142909
-11.967	0.00143666
-11.877	0.0014263
-11.7871	0.00142949
-11.6971	0.00141861
-11.6071	0.0014287
-11.5171	0.00142382
-11.4271	0.00141782
-11.3372	0.00142355
-11.2472	0.00142146
-11.1572	0.0014237
-11.0672	0.00142109
-10.9773	0.00141741
-10.8873	0.00142167
-10.7973	0.00142566
-10.7073	0.00143116
-10.6173	0.0014275
-10.5274	0.00141675
-10.4374	0.00142835
-10.3474	0.00142804
-10.2574	0.00143238
-10.1675	0.00142268
-10.0775	0.00142055
-9.9875	0.00142064
-9.89753	0.00141983
-9.80755	0.00141973
-9.71757	0.00143468
-9.62759	0.00142616
-9.53762	0.00142082
-9.44764	0.00142326
-9.35766	0.00141545
-9.26768	0.00142148
-9.17771	0.00141931
-9.08773	0.00141873
-8.99775	0.00142157
-8.90777	0.00142843
-8.8178	0.00141538
-8.72782	0.00141977
-8.63784	0.0014188
-8.54786	0.00141032
-8.45789	0.00142459
-8.36791	0.00142357
-8.27793	0.00142545
-8.18795	0.0014329
-8.09798	0.00141896
-8.008	0.00142816
-7.91802	0.00142173
-7.82804	0.00142231
-7.73807	0.00141108
-7.64809	0.00140716
-7.55811	0.00142368
-7.46813	0.00141745
-7.37816	0.0014151
-7.28818	0.00141735
-7.1982	0.001417
-7.10822	0.00142347
-7.01825	0.00141485
-6.92827	0.00142376
-6.83829	0.00142146
-6.74831	0.00142521
-6.65834	0.0014158
-6.56836	0.00141005
-6.47838	0.00141863
-6.3884	0.00141497
-6.29843	0.00140957
-6.20845	0.00142072
-6.11847	0.00141652
-6.02849	0.00141896
-5.93852	0.00141336
-5.84854	0.00141886
-5.75856	0.00141658
-5.66858	0.00141758
-5.57861	0.00141454
-5.48863	0.00141214
-5.39865	0.00141803
-5.30867	0.00141084
-5.2187	0.00141507
-5.12872	0.00141249
-5.03874	0.00141869
-4.94876	0.00140895
-4.85879	0.00141507
-4.76881	0.00142033
-4.67883	0.00142622
-4.58885	0.00141468
-4.49888	0.00141319
-4.4089	0.00140995
-4.31892	0.00141319
-4.22894	0.00141923
-4.13897	0.00141791
-4.04899	0.00141745
-3.95901	0.00141177
-3.86903	0.00141466
-3.77906	0.00142072
-3.68908	0.00141774
-3.5991	0.00141824
-3.50912	0.00141725
-3.41915	0.00141749
-3.32917	0.00142653
-3.23919	0.00141069
-3.14921	0.00141495
-3.05924	0.0014225
-2.96926	0.00141607
-2.87928	0.00141876
-2.7893	0.00142217
-2.69933	0.00141359
-2.60935	0.00141658
-2.51937	0.00141133
-2.42939	0.00142078
-2.33942	0.00140453
-2.24944	0.00142173
-2.15946	0.00141127
-2.06948	0.001417
-1.97951	0.00141696
-1.88953	0.00142595
-1.79955	0.00142128
-1.70957	0.00141565
-1.6196	0.00141962
-1.52962	0.00141799
-1.43964	0.00140341
-1.34966	0.00141063
-1.25969	0.00141437
-1.16971	0.00140788
-1.07973	0.00142438
-0.989753	0.0014062
-0.899775	0.00140893
-0.809798	0.00141987
-0.71982	0.00141853
-0.629843	0.00142655
-0.539865	0.00141551
-0.449888	0.00141704
-0.35991	0.00142016
-0.269933	0.00141326
-0.179955	0.00141404
-0.0899775	0.00141739
0.0	0.00141003
0.0899775	0.00141135
0.179955	0.00141708
0.269933	0.00140929
0.35991	0.00141692
0.449888	0.00141005
0.539865	0.00141667
0.629843	0.0014195
0.71982	0.00142368
0.809798	0.00141803
0.899775	0.00140858
0.989753	0.00142134
1.07973	0.00142517
1.16971	0.00141613
1.25969	0.00141543
1.34966	0.00141017
1.43964	0.00141113
1.52962	0.00141911
1.6196	0.00141208
1.70957	0.00140418
1.79955	0.00141042
1.88953	0.00141274
1.97951	0.00141057
2.06948	0.00141406
2.15946	0.00142289
2.24944	0.00142188
2.33942	0.00141884
2.42939	0.00141162
2.51937	0.0014164
2.60935	0.00141443
2.69933	0.00141704
2.7893	0.00141092
2.87928	0.00141474
2.96926	0.00141204
3.05924	0.00140869
3.14921	0.00141408
3.23919	0.00142349
3.32917	0.00140418
3.41915	0.00141793
3.50912	0.00141379
3.5991	0.00141956
3.68908	0.00142177
3.77906	0.00141749
3.86903	0.00141545
3.95901	0.00141445
4.04899	0.00142792
4.13897	0.00141243
4.22894	0.00141892
4.31892	0.00142481
4.4089	0.00141716
4.49888	0.00142215
4.58885	0.00142014
4.67883	0.00142901
4.76881	0.00141774
4.85879	0.00142151
4.94876	0.00141756
5.03874	0.00141789
5.12872	0.0014153
5.2187	0.00141313
5.30867	0.00141375
5.39865	0.00142134
5.48863	0.00142076
5.57861	0.00140184
5.66858	0.0014232
5.75856	0.00141435
5.84854	0.00141321
5.93852	0.00141679
6.02849	0.00141675
6.11847	0.00141971
6.20845	0.001411
6.29843	0.0014158
6.3884	0.00140997
6.47838	0.00142591
6.56836	0.00142951
6.65834	0.00141137
6.74831	0.00142223
6.83829	0.00142062
6.92827	0.00141464
7.01825	0.00141336
7.10822	0.00141199
7.1982	0.00141541
7.28818	0.00141563
7.37816	0.00141809
7.46813	0.00142556
7.55811	0.00142401
7.64809	0.00142612
7.73807	0.00142372
7.82804	0.00142202
7.91802	0.00141578
8.008	0.00141057
8.09798	0.00141181
8.18795	0.00141904
8.27793	0.00142527
8.36791	0.00142008
8.45789	0.00141567
8.54786	0.00141962
8.63784	0.00141811
8.72782	0.00142537
8.8178	0.00141561
8.90777	0.00141737
8.99775	0.00142161
9.08773	0.00141431
9.17771	0.00141884
9.26768	0.00143251
9.35766	0.00141789
9.44764	0.00142074
9.53762	0.00143112
9.62759	0.00142897
9.71757	0.00142386
9.80755	0.00141551
9.89753	0.00142502
9.9875	0.00141754
10.0775	0.00142115
10.1675	0.00142725
10.2574	0.00142541
10.3474	0.00143354
10.4374	0.00141933
10.5274	0.00142651
10.6173	0.00141946
10.7073	0.00142407
10.7973	0.0014212
10.8873	0.00142299
10.9773	0.00142523
11.0672	0.00142564
11.1572	0.00141805
11.2472	0.00141731
11.3372	0.00142657
11.4271	0.00142736
11.5171	0.00143352
11.6071	0.00143406
11.6971	0.00142035
11.7871	0.00143321
11.877	0.0014141
11.967	0.00142756
12.057	0.00141003
12.147	0.00142676
12.2369	0.00142469
12.3269	0.00142717
12.4169	0.00143424
12.5069	0.00143546
12.5969	0.0014263
12.6868	0.00142986
12.7768	0.00142206
12.8668	0.00143501
12.9568	0.00143224
13.0467	0.00143981
13.1367	0.00143393
13.2267	0.0014354
13.3167	0.00143567
13.4066	0.00143751
13.4966	0.00142316
13.5866	0.00143693
13.6766	0.00144216
13.7666	0.00143445
13.8565	0.00143054
13.9465	0.00143689
14.0365	0.0014311
14.1265	0.00144154
14.2164	0.00143588
14.3064	0.00143435
14.3964	0.00144136
14.4864	0.00142953
14.5764	0.00144562
14.6663	0.00145256
14.7563	0.00144421
14.8463	0.00144448
14.9363	0.00143677
15.0262	0.00144082
15.1162	0.00144839
15.2062	0.00145107
15.2962	0.00144725
15.3862	0.00144158
15.4761	0.00144322
15.5661	0.00145093
15.6561	0.00145126
15.7461	0.00143656
15.836	0.00143978
15.926	0.0014451
16.016	0.00144481
16.106	0.00145773
16.196	0.00144512
16.2859	0.00145688
16.3759	0.00145471
16.4659	0.00145759
16.5559	0.00144979
16.6458	0.0014519
16.7358	0.0014599
16.8258	0.00145035
16.9158	0.00145864
17.0057	0.00145937
17.0957	0.00145453
17.1857	0.00145136
17.2757	0.00146636
17.3657	0.00145825
17.4556	0.001464
17.5456	0.00146243
17.6356	0.00146071
17.7256	0.00146815
17.8155	0.00146917
17.9055	0.0014671
17.9955	0.00146164
18.0855	0.00147531
18.1755	0.00146865
18.2654	0.00147444
18.3554	0.00147572
18.4454	0.00146307
18.5354	0.00147105
18.6253	0.00147291
18.7153	0.00147581
18.8053	0.00146995
18.8953	0.00147765
18.9853	0.00148271
19.0752	0.00148279
19.1652	0.00147725
19.2552	0.00148062
19.3452	0.00148292
19.4351	0.00148594
19.5251	0.00149127
19.6151	0.00149714
19.7051	0.00148953
19.7951	0.00149452
19.885	0.00148821
19.975	0.00150182
20.065	0.00149621
20.155	0.00149524
20.2449	0.00150264
20.3349	0.00149016
20.4249	0.001494
20.5149	0.00150513
20.6048	0.00150236
20.6948	0.0015142
20.7848	0.00150056
20.8748	0.00151257
20.9648	0.00150672
21.0547	0.00152047
21.1447	0.00150837
21.2347	0.00151453
21.3247	0.00150941
21.4146	0.00152444
21.5046	0.00152225
21.5946	0.00152301
21.6846	0.00152156
21.7746	0.00152518
21.8645	0.00153519
21.9545	0.00153381
22.0445	0.00153505
22.1345	0.00153137
22.2244	0.00154332
22.3144	0.00154288
22.4044	0.00154319
22.4944	0.00155177
22.5844	0.00154352
22.6743	0.00154131
22.7643	0.0015482
22.8543	0.00155173
22.9443	0.0015599
23.0342	0.0015507
23.1242	0.00156118
23.2142	0.00155223
23.3042	0.00155835
23.3942	0.00156418
23.4841	0.00156187
23.5741	0.00157382
23.6641	0.00157171
23.7541	0.00157433
23.844	0.00158922
23.934	0.00158134
24.024	0.00158974
24.114	0.00157653
24.2039	0.00159685
24.2939	0.00159141
24.3839	0.00159449
24.4739	0.00160434
24.5639	0.00160537
24.6538	0.00160754
24.7438	0.00160473
24.8338	0.00160998
24.9238	0.00161629
25.0137	0.001605
25.1037	0.00161288
25.1937	0.00162421
25.2837	0.00162729
25.3737	0.00161894
25.4636	0.00163122
25.5536	0.00162086
25.6436	0.00163248
25.7336	0.0016404
25.8235	0.00163992
25.9135	0.00164381
26.0035	0.00165857
26.0935	0.00164298
26.1835	0.00165504
26.2734	0.00166257
26.3634	0.00165496
26.4534	0.00166004
26.5434	0.0016672
26.6333	0.00167634
26.7233	0.00167851
26.8133	0.0016753
26.9033	0.00167799
26.9933	0.00169592
27.0832	0.00169253
27.1732	0.001688
27.2632	0.00169203
27.3532	0.0016946
27.4431	0.00170874
27.5331	0.0017069
27.6231	0.00169774
27.7131	0.00171105
27.803	0.00172206
27.893	0.00172088
27.983	0.00172365
28.073	0.00174044
28.163	0.00173016
28.2529	0.00173996
28.3429	0.00174441
28.4329	0.00174406
28.5229	0.00175245
28.6128	0.00174379
28.7028	0.00175746
28.7928	0.00176812
28.8828	0.0017715
28.9728	0.00177127
29.0627	0.00178556
29.1527	0.00177882
29.2427	0.001793
29.3327	0.00178169
29.4226	0.00177921
29.5126	0.00180142
29.6026	0.00181209
29.6926	0.00181149
29.7826	0.00182689
29.8725	0.00183446
29.9625	0.00182807
30.0525	0.00184
30.1425	0.00183754
30.2324	0.00184455
30.3224	0.00184842
30.4124	0.00186029
30.5024	0.00185381
30.5924	0.00186093
30.6823	0.00186376
30.7723	0.00186624
30.8623	0.0018743
30.9523	0.00188003
31.0422	0.00188752
31.1322	0.00189887
31.2222	0.00189391
31.3122	0.00189639
31.4021	0.00191223
31.4921	0.00191417
31.5821	0.00193214
31.6721	0.00192083
31.7621	0.00192813
31.852	0.0019467
31.942	0.00194885
32.032	0.00194382
32.122	0.00194788
32.2119	0.00195656
32.3019	0.00196855
32.3919	0.00198026
32.4819	0.00198797
32.5719	0.00198476
32.6618	0.00199438
32.7518	0.00199713
32.8418	0.00200629
32.9318	0.0020138
33.0217	0.00203497
33.1117	0.00202995
33.2017	0.00203509
33.2917	0.00204279
33.3817	0.0020531
33.4716	0.00206431
33.5616	0.00206363
33.6516	0.00207322
33.7416	0.00206355
33.8315	0.00207711
33.9215	0.00210436
34.0115	0.00209787
34.1015	0.00210337
34.1915	0.0021086
34.2814	0.00211483
34.3714	0.00212463
34.4614	0.00212895
34.5514	0.00213178
34.6413	0.00213815
34.7313	0.00215914
34.8213	0.00214754
34.9113	0.00216973
35.0012	0.00216679
35.0912	0.00217605
35.1812	0.00219069
35.2712	0.00218894
35.3612	0.00220473
35.4511	0.00221524
35.5411	0.00222262
35.6311	0.00222003
35.7211	0.00223618
35.811	0.00224532
35.901	0.00225792
35.991	0.00225932
36.081	0.00227653
36.171	0.00228341
36.2609	0.00227264
36.3509	0.00229596
36.4409	0.00230932
36.5309	0.00232555
36.6208	0.00231637
36.7108	0.00232857
36.8008	0.00232411
36.8908	0.00233763
36.9808	0.00233972
37.0707	0.00235516
37.1607	0.00236428
37.2507	0.00236964
37.3407	0.00239048
37.4306	0.00240855
37.5206	0.00241457
37.6106	0.00240721
37.7006	0.00241939
37.7906	0.00242061
37.8805	0.0024387
37.9705	0.00244749
38.0605	0.00246153
38.1505	0.00246291
38.2404	0.00247336
38.3304	0.00248407
38.4204	0.00248498
38.5104	0.00250481
38.6003	0.00251819
38.6903	0.00251655
38.7803	0.00253787
38.8703	0.00253549
38.9603	0.002548
39.0502	0.00257191
39.1402	0.00257153
39.2302	0.0025802
39.3202	0.00259424
39.4101	0.00260449
39.5001	0.00260834
39.5901	0.00262269
39.6801	0.00264391
39.7701	0.00263652
39.86	0.00264539
39.95	0.00265821
40.04	0.00266512
40.13	0.00267579
40.2199	0.00268137
40.3099	0.00270253
40.3999	0.00272302
40.4899	0.00271526
40.5799	0.0027346
40.6698	0.00273609
40.7598	0.00274194
40.8498	0.0027646
40.9398	0.0027719
41.0297	0.00277382
41.1197	0.00278484
41.2097	0.0027811
41.2997	0.00280236
41.3897	0.00281675
41.4796	0.00282959
41.5696	0.00283633
41.6596	0.00283586
41.7496	0.00285806
41.8395	0.00286168
41.9295	0.00287101
42.0195	0.00289071
42.1095	0.00289483
42.1995	0.00291509
42.2894	0.00290523
42.3794	0.00293447
42.4694	0.00292936
42.5594	0.00295682
42.6493	0.00295769
42.7393	0.00296766
42.8293	0.00298862
42.9193	0.00299177
43.0092	0.00301408
43.0992	0.00302129
43.1892	0.00304011
43.2792	0.00304755
43.3692	0.00304578
43.4591	0.00306891
43.5491	0.00306666
43.6391	0.00307934
43.7291	0.00310196
43.819	0.00310231
43.909	0.00312173
43.999	0.00310692
44.089	0.00313901
44.179	0.00313746
44.2689	0.00316583
44.3589	0.00316087
44.4489	0.00316562
44.5389	0.00318982
44.6288	0.00320107
44.7188	0.00320851
44.8088	0.00323032
44.8988	0.0032369
44.9888	0.00324352
45.0787	0.00326527
45.1687	0.00326521
45.2587	0.00327699
45.3487	0.00329883
45.4386	0.00330067
45.5286	0.00333024
45.6186	0.00332315
45.7086	0.00333867
45.7986	0.00334703
45.8885	0.00336969
45.9785	0.00337614
46.0685	0.00339198
46.1585	0.00339864
46.2484	0.00340395
46.3384	0.0034285
46.4284	0.00342488
46.5184	0.00342391
46.6083	0.00344186
46.6983	0.00347552
46.7883	0.00346961
46.8783	0.003476
46.9683	0.00349496
47.0582	0.00350281
47.1482	0.00351456
47.2382	0.00353886
47.3282	0.0035367
47.4181	0.00354516
47.5081	0.00354311
47.5981	0.00357895
47.6881	0.00357878
47.7781	0.0035946
47.868	0.00360724
47.958	0.003622
48.048	0.00361671
48.138	0.00363639
48.2279	0.00364032
48.3179	0.00366513
48.4079	0.00366515
48.4979	0.00368521
48.5879	0.00368918
48.6778	0.0036775
48.7678	0.00370343
48.8578	0.00370213
48.9478	0.00373893
49.0377	0.00373933
49.1277	0.0037759
49.2177	0.00376654
49.3077	0.00377669
49.3977	0.00377896
49.4876	0.00379584
49.5776	0.00381275
49.6676	0.00381068
49.7576	0.00383769
49.8475	0.00383885
49.9375	0.00384997
50.0275	0.00384304
50.1175	0.00386724
50.2074	0.00387611
50.2974	0.00389238
50.3874	0.00390592
50.4774	0.00391825
50.5674	0.00392305
50.6573	0.0039234
50.7473	0.00392786
50.8373	0.00394563
50.9273	0.00394091
51.0172	0.00397544
51.1072	0.00397801
51.1972	0.00399571
51.2872	0.0040009
51.3772	0.0040083
51.4671	0.00402377
51.5571	0.00404006
51.6471	0.00402124
51.7371	0.00404223
51.827	0.00404992
51.917	0.00406853
52.007	0.00406984
52.097	0.00408936
52.187	0.00407021
52.2769	0.00410379
52.3669	0.00411649
52.4569	0.00411138
52.5469	0.00413658
52.6368	0.00412594
52.7268	0.00415724
52.8168	0.00415654
52.9068	0.0041658
52.9968	0.00419934
53.0867	0.00416018
53.1767	0.00418695
53.2667	0.00417455
53.3567	0.00421063
53.4466	0.0041998
53.5366	0.00422533
53.6266	0.00423666
53.7166	0.00423265
53.8065	0.00423133
53.8965	0.00425494
53.9865	0.00426611
54.0765	0.00426158
54.1665	0.0042792
54.2564	0.0042884
54.3464	0.00428962
54.4364	0.00431367
54.5264	0.00430275
54.6163	0.00430728
54.7063	0.00431371
54.7963	0.00433271
54.8863	0.00434634
54.9763	0.00434131
55.0662	0.00434442
55.1562	0.00433468
55.2462	0.00435211
55.3362	0.00437427
55.4261	0.00435527
55.5161	0.00438529
55.6061	0.00437072
55.6961	0.00440039
55.7861	0.00440465
55.876	0.00440043
55.966	0.00442175
56.056	0.00443451
56.146	0.00441406
56.2359	0.00442287
56.3259	0.0044421
56.4159	0.00443825
56.5059	0.00445068
56.5959	0.004447
56.6858	0.00446676
56.7758	0.00446947
56.8658	0.00445256
56.9558	0.00446883
57.0457	0.00446519
57.1357	0.00447014
57.2257	0.00448864
57.3157	0.00448453
57.4056	0.00448358
57.4956	0.00449491
57.5856	0.00449662
57.6756	0.00450957
57.7656	0.00449993
57.8555	0.00451329
57.9455	0.00452832
58.0355	0.00451931
58.1255	0.00452656
58.2154	0.00453668
58.3054	0.00454606
58.3954	0.0045196
58.4854	0.00452053
58.5754	0.00454662
58.6653	0.00453353
58.7553	0.00453122
58.8453	0.00455638
58.9353	0.00454735
59.0252	0.0045471
59.1152	0.0045435
59.2052	0.00457689
59.2952	0.00455793
59.3852	0.00456341
59.4751	0.00458043
59.5651	0.00456984
59.6551	0.00458928
59.7451	0.00456467
59.835	0.00457623
59.925	0.00457222
60.015	0.00457274
60.105	0.00458252
60.195	0.00458798
60.2849	0.00459952
60.3749	0.00457743
60.4649	0.004593
60.5549	0.00458663
60.6448	0.00457629
60.7348	0.00458837
60.8248	0.0045904
60.9148	0.00457598
61.0047	0.00458399
61.0947	0.00459697
61.1847	0.00460431
61.2747	0.00459621
61.3647	0.00457638
61.4546	0.00457844
61.5446	0.00459339
61.6346	0.00458535
61.7246	0.00458512
61.8145	0.00461163
61.9045	0.00458283
61.9945	0.00459546
62.0845	0.00458053
62.1745	0.00459304
62.2644	0.00458667
62.3544	0.00459821
62.4444	0.00459
62.5344	0.00459292
62.6243	0.00458779
62.7143	0.00459726
62.8043	0.00457057
62.8943	0.00459139
62.9843	0.004582
63.0742	0.00458831
63.1642	0.00457175
63.2542	0.00457398
63.3442	0.00457381
63.4341	0.0045831
63.5241	0.00455876
63.6141	0.00456759
63.7041	0.00456786
63.7941	0.00455311
63.884	0.00456494
63.974	0.00454191
64.064	0.00455125
64.154	0.00455717
64.2439	0.00455841
64.3339	0.00454296
64.4239	0.00454563
64.5139	0.0045434
64.6038	0.00454269
64.6938	0.00453457
64.7838	0.00454445
64.8738	0.00451724
64.9638	0.00453144
65.0537	0.00452009
65.1437	0.00453316
65.2337	0.00453062
65.3237	0.00453027
65.4136	0.00452208
65.5036	0.00450171
65.5936	0.00451501
65.6836	0.00449983
65.7736	0.00449356
65.8635	0.00449458
65.9535	0.00449542
66.0435	0.00449112
66.1335	0.00448556
66.2234	0.00449404
66.3134	0.00450219
66.4034	0.00448293
66.4934	0.0044647
66.5834	0.00446997
66.6733	0.00447989
66.7633	0.00444146
66.8533	0.00444791
66.9433	0.00444164
67.0332	0.00445725
67.1232	0.00443593
67.2132	0.00444034
67.3032	0.00442847
67.3932	0.00442822
67.4831	0.00441735
67.5731	0.00440657
67.6631	0.00441184
67.7531	0.00440659
67.843	0.00438765
67.933	0.00441166
68.023	0.00438577
68.113	0.00437055
68.2029	0.00436373
68.2929	0.00438161
68.3829	0.00438244
68.4729	0.00435633
68.5629	0.00435895
68.6528	0.00435709
68.7428	0.00434514
68.8328	0.00434805
68.9228	0.00434909
69.0127	0.00432477
69.1027	0.00432922
69.1927	0.00432746
69.2827	0.00430631
69.3727	0.00432078
69.4626	0.00429841
69.5526	0.00429657
69.6426	0.00430682
69.7326	0.00429388
69.8225	0.00428112
69.9125	0.00425891
70.0025	0.00426619
70.0925	0.00427225
70.1825	0.00425701
70.2724	0.0042464
70.3624	0.00422723
70.4524	0.00423865
70.5424	0.00421803
70.6323	0.00422779
70.7223	0.00420621
70.8123	0.00422072
70.9023	0.00418629
70.9923	0.00417602
71.0822	0.00418551
71.1722	0.00417058
71.2622	0.00417595
71.3522	0.00416636
71.4421	0.00416247
71.5321	0.00415947
71.6221	0.00414639
71.7121	0.00414194
71.802	0.0041366
71.892	0.00411206
71.982	0.00410602
72.072	0.00411665
72.162	0.00409899
72.2519	0.00409779
72.3419	0.00406764
72.4319	0.00408131
72.5219	0.00407317
72.6118	0.00407104
72.7018	0.0040645
72.7918	0.00405607
72.8818	0.00403876
72.9718	0.0040456
73.0617	0.00402501
73.1517	0.00401229
73.2417	0.00400733
73.3317	0.00400522
73.4216	0.00399238
73.5116	0.00398717
73.6016	0.00399027
73.6916	0.00397563
73.7816	0.00395468
73.8715	0.00395716
73.9615	0.00395197
74.0515	0.00394672
74.1415	0.00393161
74.2314	0.00393196
74.3214	0.00392487
74.4114	0.00391806
74.5014	0.0039065
74.5914	0.00389385
74.6813	0.00387832
74.7713	0.00389253
74.8613	0.0038789
74.9513	0.00387305
75.0412	0.00384848
75.1312	0.00386438
75.2212	0.00384869
75.3112	0.00382675
75.4011	0.00383957
75.4911	0.00382117
75.5811	0.0038209
75.6711	0.00380797
75.7611	0.00379602
75.851	0.00378982
75.941	0.00377208
76.031	0.00377144
76.121	0.00375891
76.2109	0.00375978
76.3009	0.00375142
76.3909	0.00373296
76.4809	0.00372452
76.5709	0.00372355
76.6608	0.00372336
76.7508	0.00369598
76.8408	0.00369119
76.9308	0.00368858
77.0207	0.00369259
77.1107	0.00367144
77.2007	0.00366071
77.2907	0.00364559
77.3807	0.0036282
77.4706	0.00363315
77.5606	0.00363362
77.6506	0.00362748
77.7406	0.00362781
77.8305	0.00360941
77.9205	0.00360157
78.0105	0.00358495
78.1005	0.00359886
78.1905	0.00356559
78.2804	0.00358133
78.3704	0.0035433
78.4604	0.00353029
78.5504	0.00354146
78.6403	0.00351874
78.7303	0.00350542
78.8203	0.00352461
78.9103	0.00351001
79.0002	0.00349595
79.0902	0.00348658
79.1802	0.00349043
79.2702	0.00347455
79.3602	0.00346162
79.4501	0.00344539
79.5401	0.00344014
79.6301	0.00344022
79.7201	0.00343152
79.81	0.00343282
79.9	0.00340704
79.99	0.00341115
80.08	0.00340114
80.17	0.00338189
80.2599	0.00337077
80.3499	0.00337017
80.4399	0.00337352
80.5299	0.00335468
80.6198	0.00334953
80.7098	0.00332199
80.7998	0.00332544
80.8898	0.00331872
80.9798	0.00330832
81.0697	0.00330433
81.1597	0.00329397
81.2497	0.00329211
81.3397	0.00329033
81.4296	0.00326018
81.5196	0.00325661
81.6096	0.00324778
81.6996	0.00324174
81.7896	0.00323928
81.8795	0.0032283
81.9695	0.00321173
82.0595	0.00321947
82.1495	0.00319569
82.2394	0.00319083
82.3294	0.00318498
82.4194	0.00317989
82.5094	0.00316449
82.5994	0.00316786
82.6893	0.00314985
82.7793	0.003141
82.8693	0.00313349
82.9593	0.00311577
83.0492	0.00312119
83.1392	0.00309282
83.2292	0.00309646
83.3192	0.00309491
83.4091	0.00308817
83.4991	0.00308231
83.5891	0.0030796
83.6791	0.00306685
83.7691	0.00305283
83.859	0.00303844
83.949	0.00302423
84.039	0.00300928
84.129	0.00301935
84.2189	0.00301468
84.3089	0.00301598
84.3989	0.00299081
84.4889	0.00299925
84.5789	0.00297144
84.6688	0.00296211
84.7588	0.00295992
84.8488	0.00295883
84.9388	0.00294441
85.0287	0.00293755
85.1187	0.00294175
85.2087	0.00290422
85.2987	0.0029042
85.3887	0.00288703
85.4786	0.00289481
85.5686	0.00287382
85.6586	0.00287175
85.7486	0.00288052
85.8385	0.00285492
85.9285	0.00285238
86.0185	0.00282051
86.1085	0.00283838
86.1985	0.00282703
86.2884	0.00281208
86.3784	0.00280678
86.4684	0.00280188
86.5584	0.00279829
86.6483	0.00279429
86.7383	0.00278559
86.8283	0.00277854
86.9183	0.00275532
87.0082	0.00274794
87.0982	0.00273247
87.1882	0.00273662
87.2782	0.00273141
87.3682	0.00273439
87.4581	0.00271378
87.5481	0.00271144
87.6381	0.00270081
87.7281	0.00269883
87.818	0.00269639
87.908	0.00267188
87.998	0.00268869
88.088	0.00266607
88.178	0.00263408
88.2679	0.00263832
88.3579	0.00263241
88.4479	0.00264267
88.5379	0.00262379
88.6278	0.00262612
88.7178	0.00262829
88.8078	0.00260199
88.8978	0.00259329
88.9878	0.00259037
89.0777	0.00257553
89.1677	0.00257416
89.2577	0.00257902
89.3477	0.00257358
89.4376	0.00256171
89.5276	0.0025576
89.6176	0.00253651
89.7076	0.00253779
89.7976	0.00253324
89.8875	0.00250456
89.9775	0.00251779
90.0675	0.00251064
90.1575	0.00250115
90.2474	0.00248277
90.3374	0.00248628
90.4274	0.00247923
90.5174	0.00246486
90.6073	0.00247327
90.6973	0.00245371
90.7873	0.00245291
90.8773	0.00245299
90.9673	0.00242985
91.0572	0.00243963
91.1472	0.00242584
91.2372	0.00242607
91.3272	0.00241387
91.4171	0.00239133
91.5071	0.00239596
91.5971	0.00239989
91.6871	0.00239499
91.7771	0.00237807
91.867	0.002379
91.957	0.00236761
92.047	0.00235233
92.137	0.00236389
92.2269	0.0023458
92.3169	0.00234695
92.4069	0.00234375
92.4969	0.00234313
92.5869	0.00233604
92.6768	0.00232398
92.7668	0.00231881
92.8568	0.00231927
92.9468	0.00231389
93.0367	0.00229737
93.1267	0.00230279
93.2167	0.0022861
93.3067	0.00228862
93.3967	0.00227545
93.4866	0.00227572
93.5766	0.00228428
93.6666	0.00226586
93.7566	0.00226213
93.8465	0.00225227
93.9365	0.00225014
94.0265	0.0022416
94.1165	0.0022184
94.2064	0.0022202
94.2964	0.00222975
94.3864	0.00222909
94.4764	0.00222086
94.5664	0.00221534
94.6563	0.00220618
94.7463	0.00221048
94.8363	0.0022026
94.9263	0.0021976
95.0162	0.00218517
95.1062	0.00219706
95.1962	0.00217432
95.2862	0.00217849
95.3762	0.00217239
95.4661	0.00215893
95.5561	0.0021639
95.6461	0.00216021
95.7361	0.00215837
95.826	0.00214911
95.916	0.0021483
96.006	0.00214624
96.096	0.00214549
96.186	0.00213914
96.2759	0.00214347
96.3659	0.00213708
96.4559	0.00212759
96.5459	0.00210984
96.6358	0.00212725
96.7258	0.00212883
96.8158	0.00211303
96.9058	0.00211727
96.9958	0.00211588
97.0857	0.00208857
97.1757	0.00210314
97.2657	0.0020963
97.3557	0.00208861
97.4456	0.00209634
97.5356	0.00208123
97.6256	0.00208265
97.7156	0.00208375
97.8055	0.00207087
97.8955	0.00208238
97.9855	0.00207767
98.0755	0.0020768
98.1655	0.00207171
98.2554	0.00206795
98.3454	0.00205788
98.4354	0.00204955
98.5254	0.00205918
98.6153	0.00205528
98.7053	0.00204994
98.7953	0.0020511
98.8853	0.00205079
98.9753	0.00204595
99.0652	0.00204978
99.1552	0.00204246
99.2452	0.00204111
99.3352	0.00203737
99.4251	0.00203261
99.5151	0.00204024
99.6051	0.00204692
99.6951	0.00204095
99.7851	0.00203114
99.875	0.0020272
99.965	0.00203772
100.055	0.00203412
100.145	0.00201729
100.235	0.00201971
100.325	0.00201663
100.415	0.00202118
100.505	0.00203108
100.595	0.00203437
100.685	0.00202469
100.775	0.00202389
100.865	0.00201903
100.955	0.00202087
101.045	0.00202548
101.135	0.00202277
101.225	0.0020287
101.315	0.00202955
101.405	0.00202263
101.495	0.00201795
101.585	0.00201433
101.675	0.0020236
101.765	0.00203778
101.855	0.00201053
101.945	0.00201626
102.034	0.00201586
102.124	0.00202542
102.214	0.00201894
102.304	0.00202157
102.394	0.00200952
102.484	0.00202184
102.574	0.00201423
102.664	0.0020249
102.754	0.00202552
102.844	0.00202492
102.934	0.00202227
103.024	0.00201717
103.114	0.00202223
103.204	0.00203518
103.294	0.00204543
103.384	0.00203549
103.474	0.00202842
103.564	0.00201584
103.654	0.00205124
103.744	0.00202899
103.834	0.00203094
103.924	0.00202926
104.014	0.00203948
104.104	0.00203305
104.194	0.0020421
104.284	0.00204576
104.374	0.00202926
104.464	0.00204326
104.554	0.00205128
104.644	0.00205637
104.734	0.00205503
104.824	0.00205714
104.914	0.00206688
105.004	0.00204487
105.094	0.00205217
105.184	0.00206028
105.274	0.00206301
105.364	0.00204789
105.454	0.00207122
105.544	0.00205844
105.634	0.00205639
105.724	0.00206857
105.814	0.0020701
105.904	0.00207469
105.994	0.00207246
106.083	0.00207817
106.173	0.00207734
106.263	0.00207612
106.353	0.00208385
106.443	0.00208757
106.533	0.00208646
106.623	0.00209068
106.713	0.00209738
106.803	0.00209245
106.893	0.00209268
106.983	0.00209992
107.073	0.00210337
107.163	0.00210197
107.253	0.00209477
107.343	0.00210751
107.433	0.00211867
107.523	0.00211787
107.613	0.0021212
107.703	0.00212351
107.793	0.00211962
107.883	0.00212192
107.973	0.00212351
108.063	0.00213069
108.153	0.00213497
108.243	0.00214165
108.333	0.0021416
108.423	0.00214278
108.513	0.00215275
108.603	0.0021439
108.693	0.00214222
108.783	0.00215176
108.873	0.00216356
108.963	0.00216019
109.053	0.00216509
109.143	0.00216844
109.233	0.00215742
109.323	0.00217179
109.413	0.0021629
109.503	0.00217341
109.593	0.00217403
109.683	0.00219706
109.773	0.00218461
109.863	0.00218987
109.953	0.00219293
110.042	0.00220304
110.132	0.00219524
110.222	0.00220219
110.312	0.00221309
110.402	0.00220213
110.492	0.00220504
110.582	0.00221325
110.672	0.00220815
110.762	0.00221977
110.852	0.00221524
110.942	0.00222847
111.032	0.00223244
111.122	0.00223441
111.212	0.00223195
111.302	0.00224274
111.392	0.0022391
111.482	0.00224532
111.572	0.00224171
111.662	0.0022575
111.752	0.00226269
111.842	0.00226689
111.932	0.00226466
112.022	0.00226495
112.112	0.00226761
112.202	0.00227289
112.292	0.0022787
112.382	0.00227659
112.472	0.00228139
112.562	0.00227704
112.652	0.00228742
112.742	0.00229722
112.832	0.00228279
112.922	0.0022861
113.012	0.00230465
113.102	0.00228852
113.192	0.00229923
113.282	0.00230337
113.372	0.00230732
113.462	0.00231844
113.552	0.0023039
113.642	0.00231085
113.732	0.00233664
113.822	0.00232547
113.912	0.00233322
114.001	0.00232721
114.091	0.00233171
114.181	0.00234853
114.271	0.00235314
114.361	0.00235289
114.451	0.00234607
114.541	0.00235607
114.631	0.00236159
114.721	0.00236319
114.811	0.00235938
114.901	0.00236871
114.991	0.00238337
115.081	0.00238391
115.171	0.00236887
115.261	0.0023948
115.351	0.00238186
115.441	0.00238
115.531	0.00238653
115.621	0.00240187
115.711	0.00239784
115.801	0.00241525
115.891	0.00241418
115.981	0.0024105
116.071	0.00241809
116.161	0.00241871
116.251	0.00241325
116.341	0.00242966
116.431	0.00242702
116.521	0.00243293
116.611	0.00242722
116.701	0.00243574
116.791	0.00244443
116.881	0.0024369
116.971	0.0024361
117.061	0.00244993
117.151	0.00245278
117.241	0.00245824
117.331	0.00246879
117.421	0.00246339
117.511	0.00246294
117.601	0.00247129
117.691	0.00247332
117.781	0.00248208
117.871	0.00249017
117.961	0.00248651
118.05	0.00249209
118.14	0.00249695
118.23	0.00249494
118.32	0.00250429
118.41	0.00249275
118.5	0.00252191
118.59	0.00251107
118.68	0.00252226
118.77	0.00252276
118.86	0.00252644
118.95	0.00252621
119.04	0.00252468
119.13	0.00253148
119.22	0.00253613
119.31	0.00252668
119.4	0.00254087
119.49	0.00253922
119.58	0.00255882
119.67	0.00256148
119.76	0.00255212
119.85	0.00255609
119.94	0.00257199
120.03	0.0025675
120.12	0.00256783
120.21	0.00257559
120.3	0.00257352
120.39	0.00259937
120.48	0.0025826
120.57	0.00259833
120.66	0.00259767
120.75	0.00261285
120.84	0.00259689
120.93	0.00261227
121.02	0.00259413
121.11	0.00261676
121.2	0.00260387
121.29	0.00261822
121.38	0.00261105
121.47	0.00262629
121.56	0.00262379
121.65	0.00262594
121.74	0.00261924
121.83	0.00264564
121.92	0.00265048
122.009	0.00264963
122.099	0.00264277
122.189	0.00264457
122.279	0.00267298
122.369	0.00265834
122.459	0.00266334
122.549	0.00265863
122.639	0.00267747
122.729	0.00266072
122.819	0.00267831
122.909	0.00267689
122.999	0.00268797
123.089	0.00270238
123.179	0.00268931
123.269	0.00270139
123.359	0.0026951
123.449	0.00270836
123.539	0.00269649
123.629	0.00270654
123.719	0.00270664
123.809	0.0027248
123.899	0.00272494
123.989	0.00273685
124.079	0.00271913
124.169	0.00273718
124.259	0.00272387
124.349	0.00273179
124.439	0.0027433
124.529	0.00274415
124.619	0.00274357
124.709	0.00276022
124.799	0.0027547
124.889	0.00275892
124.979	0.00275666
125.069	0.00275834
125.159	0.00276822
125.249	0.0027591
125.339	0.00277424
125.429	0.00278098
125.519	0.00276752
125.609	0.00277837
125.699	0.00280048
125.789	0.00280037
125.879	0.00279448
125.969	0.00279115
126.058	0.00279074
126.148	0.00280802
126.238	0.00281096
126.328	0.00280091
126.418	0.00282426
126.508	0.00281168
126.598	0.00282519
126.688	0.00281121
126.778	0.0028324
126.868	0.00282056
126.958	0.00281838
127.048	0.00284148
127.138	0.00283265
127.228	0.00283284
127.318	0.00284739
127.408	0.00285432
127.498	0.00284688
127.588	0.00286222
127.678	0.00285234
127.768	0.0028633
127.858	0.00288052
127.948	0.00285722
128.038	0.00287407
128.128	0.00287607
128.218	0.0028678
128.308	0.0028756
128.398	0.00288317
128.488	0.00287254
128.578	0.00288453
128.668	0.00289694
128.758	0.00288503
128.848	0.00290858
128.938	0.00290054
129.028	0.00290422
129.118	0.0029191
129.208	0.00288786
129.298	0.00290463
129.388	0.00291143
129.478	0.0029111
129.568	0.00292403
129.658	0.00293453
129.748	0.00292963
129.838	0.00292578
129.928	0.00293244
130.017	0.00292601
130.107	0.00293207
130.197	0.00293434
130.287	0.00294257
130.377	0.00294208
130.467	0.00294032
130.557	0.00293271
130.647	0.00294144
130.737	0.00295147
130.827	0.00296879
130.917	0.00295304
131.007	0.00295275
131.097	0.00295783
131.187	0.00296462
131.277	0.00296958
131.367	0.00296489
131.457	0.00298087
131.547	0.00297252
131.637	0.00297438
131.727	0.00298916
131.817	0.00297361
131.907	0.00298418
131.997	0.00298697
132.087	0.00298058
132.177	0.00299958
132.267	0.00299266
132.357	0.0029959
132.447	0.00300109
132.537	0.00299935
132.627	0.00298848
132.717	0.00299673
132.807	0.00299468
132.897	0.00302268
132.987	0.00300643
133.077	0.00302473
133.167	0.00302193
133.257	0.0030171
133.347	0.00301608
133.437	0.00304551
133.527	0.00302586
133.617	0.00303469
133.707	0.00304294
133.797	0.0030282
133.887	0.0030436
133.977	0.00302863
134.066	0.00303403
134.156	0.00303343
134.246	0.00303587
134.336	0.00305204
134.426	0.00304973
134.516	0.00304054
134.606	0.00303742
134.696	0.00305454
134.786	0.00305386
134.876	0.00306029
134.966	0.00307456
135.056	0.00306029
135.146	0.00306308
135.236	0.00306894
135.326	0.00306155
135.416	0.00306949
135.506	0.00306164
135.596	0.00306563
135.686	0.00307704
135.776	0.00305992
135.866	0.00305827
135.956	0.00306126
136.046	0.00308401
136.136	0.00308895
136.226	0.00308695
136.316	0.00307392
136.406	0.00308802
136.496	0.00310425
136.586	0.0030807
136.676	0.00306823
136.766	0.00308651
136.856	0.00309974
136.946	0.00310053
137.036	0.00307259
137.126	0.00310481
137.216	0.00309129
137.306	0.00309387
137.396	0.00309813
137.486	0.00309563
137.576	0.00310235
137.666	0.00310347
137.756	0.00309079
137.846	0.0031045
137.936	0.00311625
138.025	0.00311182
138.115	0.00309464
138.205	0.00310746
138.295	0.00311486
138.385	0.00310793
138.475	0.00310574
138.565	0.0031215
138.655	0.00310615
138.745	0.00311976
138.835	0.00311451
138.925	0.00310934
139.015	0.0031325
139.105	0.00310963
139.195	0.00311608
139.285	0.00311352
139.375	0.00310795
139.465	0.00312677
139.555	0.00312417
139.645	0.00312121
139.735	0.00312501
139.825	0.00311364
139.915	0.00312417
140.005	0.0031259
140.095	0.00312162
140.185	0.00311594
140.275	0.00312499
140.365	0.00313169
140.455	0.00312859
140.545	0.00312727
140.635	0.00313215
140.725	0.00313345
140.815	0.00312423
140.905	0.00313976
140.995	0.00313124
141.085	0.00313252
141.175	0.00313401
141.265	0.00313686
141.355	0.0031312
141.445	0.00313734
141.535	0.00314147
141.625	0.00313548
141.715	0.00313949
141.805	0.00313136
141.895	0.00313413
141.985	0.00312499
142.074	0.00314331
142.164	0.00313727
142.254	0.00313969
142.344	0.00314038
142.434	0.00314821
142.524	0.00313117
142.614	0.00314077
142.704	0.00314178
142.794	0.00313874
142.884	0.00314542
142.974	0.00313382
143.064	0.0031424
143.154	0.00314677
143.244	0.00312865
143.334	0.00312917
143.424	0.00313512
143.514	0.00313459
143.604	0.00314701
143.694	0.00313789
143.784	0.00313461
143.874	0.00315189
143.964	0.00315165
144.054	0.00313837
144.144	0.00312685
144.234	0.00312975
144.324	0.00314486
144.414	0.00315057
144.504	0.00313955
144.594	0.00313955
144.684	0.00314629
144.774	0.00313601
144.864	0.00314759
144.954	0.00315016
145.044	0.00313847
145.134	0.00313244
145.224	0.00313525
145.314	0.00313887
145.404	0.00313486
145.494	0.00312218
145.584	0.00314269
145.674	0.00314244
145.764	0.00312208
145.854	0.00313684
145.944	0.00313589
146.033	0.00312022
146.123	0.00314182
146.213	0.00313206
146.303	0.0031373
146.393	0.00314292
146.483	0.00312042
146.573	0.00313134
146.663	0.00313992
146.753	0.0031489
146.843	0.00313426
146.933	0.00312884
147.023	0.00314534
147.113	0.00312332
147.203	0.0031234
147.293	0.00312183
147.383	0.00311858
147.473	0.00311474
147.563	0.00311668
147.653	0.00312135
147.743	0.00312557
147.833	0.00312261
147.923	0.00312663
148.013	0.00313335
148.103	0.00311825
148.193	0.00312346
148.283	0.00310917
148.373	0.00310597
148.463	0.00311871
148.553	0.00311457
148.643	0.00312555
148.733	0.00311877
148.823	0.00310444
148.913	0.00310758
149.003	0.00310944
149.093	0.00310593
149.183	0.00312704
149.273	0.00310781
149.363	0.00312065
149.453	0.00310429
149.543	0.00310593
149.633	0.00311221
149.723	0.00310549
149.813	0.00310125
149.903	0.00310088
149.993	0.00310403
150.082	0.00310493
150.172	0.00310165
150.262	0.00310092
150.352	0.00310165
150.442	0.00308351
150.532	0.00309819
150.622	0.00308779
150.712	0.00310663
150.802	0.00308606
150.892	0.00309083
150.982	0.00308697
151.072	0.00308018
151.162	0.00308372
151.252	0.00310489
151.342	0.00308339
151.432	0.00309021
151.522	0.00306962
151.612	0.00309251
151.702	0.00309307
151.792	0.00308901
151.882	0.00307088
151.972	0.00307874
152.062	0.00308113
152.152	0.00308748
152.242	0.0030709
152.332	0.00308006
152.422	0.00307818
152.512	0.00307609
152.602	0.0030825
152.692	0.00308039
152.782	0.00306246
152.872	0.00306894
152.962	0.00305816
153.052	0.00305986
153.142	0.00306949
153.232	0.00304933
153.322	0.00306056
153.412	0.00306844
153.502	0.00307183
153.592	0.00305977
153.682	0.00305853
153.772	0.00305622
153.862	0.00304296
153.952	0.00305194
154.041	0.00305729
154.131	0.00304987
154.221	0.00305336
154.311	0.00305485
154.401	0.00305206
154.491	0.00306302
154.581	0.0030289
154.671	0.00304396
154.761	0.00304114
154.851	0.00304048
154.941	0.00304677
155.031	0.0030386
155.121	0.00303544
155.211	0.00304137
155.301	0.00302861
155.391	0.00302528
155.481	0.00303157
155.571	0.00305155
155.661	0.00303581
155.751	0.0030232
155.841	0.00302717
155.931	0.00302791
156.021	0.00301825
156.111	0.00303225
156.201	0.00302258
156.291	0.00302105
156.381	0.00302729
156.471	0.00301474
156.561	0.00302291
156.651	0.00301416
156.741	0.00301149
156.831	0.00302452
156.921	0.00303273
157.011	0.00301799
157.101	0.00302808
157.191	0.00300264
157.281	0.0030178
157.371	0.00301129
157.461	0.00300665
157.551	0.0030149
157.641	0.00300649
157.731	0.00300277
157.821	0.00300554
157.911	0.00299146
158.0	0.00299212
158.09	0.00300318
158.18	0.00299956
158.27	0.00300399
158.36	0.00298939
158.45	0.00299607
158.54	0.00299241
158.63	0.00300426
158.72	0.0029801
158.81	0.00298887
158.9	0.0029972
158.99	0.00299237
159.08	0.00298684
159.17	0.00297467
159.26	0.00297795
159.35	0.00297754
159.44	0.00299886
159.53	0.00299247
159.62	0.00297979
159.71	0.00299028
159.8	0.00297365
159.89	0.00298469
159.98	0.00298728
160.07	0.00296234
160.16	0.0029667
160.25	0.00297221
160.34	0.00296242
160.43	0.00295792
160.52	0.002964
160.61	0.00297291
160.7	0.00297626
160.79	0.00294863
160.88	0.00297237
160.97	0.00296431
161.06	0.00296131
161.15	0.00296311
161.24	0.00296571
161.33	0.00296106
161.42	0.00296052
161.51	0.00295355
161.6	0.00296228
161.69	0.00293707
161.78	0.00296724
161.87	0.00294789
161.96	0.0029569
162.049	0.00295645
162.139	0.00296867
162.229	0.00294594
162.319	0.00294065
162.409	0.00293447
162.499	0.00294599
162.589	0.00296579
162.679	0.00295523
162.769	0.00294222
162.859	0.00294067
162.949	0.00295295
163.039	0.00294644
163.129	0.00293666
163.219	0.00295085
163.309	0.00294028
163.399	0.00293486
163.489	0.00294477
163.579	0.00293052
163.669	0.0029445
163.759	0.00294255
163.849	0.00292824
163.939	0.00292539
164.029	0.00292961
164.119	0.00293639
164.209	0.00292028
164.299	0.00293747
164.389	0.0029368
164.479	0.00293449
164.569	0.00292583
164.659	0.00292934
164.749	0.00292167
164.839	0.00291681
164.929	0.00292372
165.019	0.00292429
165.109	0.00293013
165.199	0.00292274
165.289	0.00292035
165.379	0.00291962
165.469	0.00292438
165.559	0.0029252
165.649	0.00292336
165.739	0.00291675
165.829	0.00292808
165.919	0.00290684
166.008	0.00292607
166.098	0.00290972
166.188	0.002903
166.278	0.00291691
166.368	0.00291962
166.458	0.00290403
166.548	0.0029189
166.638	0.0029274
166.728	0.00292047
166.818	0.00289719
166.908	0.00290926
166.998	0.00290972
167.088	0.0029115
167.178	0.0029121
167.268	0.00290825
167.358	0.00291592
167.448	0.00291485
167.538	0.00291848
167.628	0.00290722
167.718	0.0029055
167.808	0.00291528
167.898	0.00290945
167.988	0.00290618
168.078	0.00289514
168.168	0.00290161
168.258	0.00291547
168.348	0.00290841
168.438	0.00289522
168.528	0.00290914
168.618	0.00289762
168.708	0.00289586
168.798	0.00290384
168.888	0.00287748
168.978	0.0028944
169.068	0.00289266
169.158	0.00290002
169.248	0.00290457
169.338	0.00290608
169.428	0.00290746
169.518	0.00289973
169.608	0.00289237
169.698	0.00290449
169.788	0.00289795
169.878	0.00291286
169.968	0.00290664
170.057	0.00289499
170.147	0.00290167
170.237	0.0029038
170.327	0.0028976
170.417	0.00289758
170.507	0.00289971
170.597	0.00288581
170.687	0.00287591
170.777	0.00289812
170.867	0.00289074
170.957	0.00289446
171.047	0.00288801
171.137	0.00289704
171.227	0.00290732
171.317	0.00289398
171.407	0.00289011
171.497	0.00290732
171.587	0.00288497
171.677	0.0028866
171.767	0.00289572
171.857	0.00289998
171.947	0.00290186
172.037	0.00289865
172.127	0.00289545
172.217	0.00288271
172.307	0.002886
172.397	0.00289588
172.487	0.00290473
172.577	0.00289839
172.667	0.00288095
172.757	0.00289632
172.847	0.00288085
172.937	0.00289555
173.027	0.00288832
173.117	0.00288007
173.207	0.00288368
173.297	0.00287922
173.387	0.00288945
173.477	0.00289555
173.567	0.00289777
173.657	0.00289528
173.747	0.00287554
173.837	0.0028865
173.927	0.00289326
174.016	0.00287711
174.106	0.00288925
174.196	0.00288114
174.286	0.00289098
174.376	0.00289105
174.466	0.00287186
174.556	0.00288579
174.646	0.0028806
174.736	0.00290556
174.826	0.00289133
174.916	0.00288261
175.006	0.0028805
175.096	0.00288844
175.186	0.00287736
175.276	0.00287552
175.366	0.0028855
175.456	0.00288257
175.546	0.00288327
175.636	0.00289144
175.726	0.00288352
175.816	0.00289018
175.906	0.00288741
175.996	0.00287227
176.086	0.00288807
176.176	0.00288
176.266	0.00288751
176.356	0.0028843
176.446	0.00288259
176.536	0.00287498
176.626	0.0028788
176.716	0.00287839
176.806	0.00287471
176.896	0.00289419
176.986	0.00289189
177.076	0.00288782
177.166	0.00288848
177.256	0.00287827
177.346	0.00288362
177.436	0.00288834
177.526	0.00287763
177.616	0.00288286
177.706	0.00287655
177.796	0.00288306
177.886	0.0028823
177.976	0.00288149
178.065	0.0028849
178.155	0.00287024
178.245	0.00287248
178.335	0.00287872
178.425	0.00287275
178.515	0.002869
178.605	0.00288501
178.695	0.00288689
178.785	0.0028769
178.875	0.00287882
178.965	0.00288021
179.055	0.00288145
179.145	0.00287996
179.235	0.00287882
179.325	0.00289129
179.415	0.00288004
179.505	0.00288298
179.595	0.00288098
179.685	0.00288825
179.775	0.0028755
179.865	0.00287638
179.955	0.00288881
