0	1
-179.955	0.00319826
-179.865	0.00319147
-179.775	0.00318806
-179.685	0.00317967
-179.595	0.00319686
-179.505	0.00317872
-179.415	0.00318691
-179.325	0.00318932
-179.235	0.00319143
-179.145	0.00319007
-179.055	0.00319357
-178.965	0.003173
-178.875	0.00318741
-178.785	0.00319228
-178.695	0.00318656
-178.605	0.00317564
-178.515	0.00319025
-178.425	0.00319098
-178.335	0.00319041
-178.245	0.00318713
-178.155	0.00318664
-178.065	0.00318885
-177.976	0.00318283
-177.886	0.00318642
-177.796	0.00319672
-177.706	0.00317292
-177.616	0.00318713
-177.526	0.00318026
-177.436	0.00319139
-177.346	0.00318348
-177.256	0.00319998
-177.166	0.0032045
-177.076	0.00318972
-176.986	0.00319248
-176.896	0.00319222
-176.806	0.00320995
-176.716	0.00320049
-176.626	0.00320225
-176.536	0.00319378
-176.446	0.00319538
-176.356	0.00319059
-176.266	0.00320428
-176.176	0.00319325
-176.086	0.00320393
-175.996	0.00321354
-175.906	0.00320231
-175.816	0.00320314
-175.726	0.00321358
-175.636	0.0032048
-175.546	0.00320369
-175.456	0.0032019
-175.366	0.00319459
-175.276	0.00321394
-175.186	0.0032012
-175.096	0.00322221
-175.006	0.0032121
-174.916	0.00322071
-174.826	0.00322007
-174.736	0.00321034
-174.646	0.00320241
-174.556	0.00320559
-174.466	0.00320377
-174.376	0.0032211
-174.286	0.00322059
-174.196	0.00321867
-174.106	0.00322116
-174.016	0.00321208
-173.927	0.00321887
-173.837	0.0032259
-173.747	0.00322931
-173.657	0.00321175
-173.567	0.00321599
-173.477	0.00322152
-173.387	0.003233
-173.297	0.00323042
-173.207	0.00324003
-173.117	0.00321105
-173.027	0.00323435
-172.937	0.00323735
-172.847	0.0032246
-172.757	0.00324816
-172.667	0.00322098
-172.577	0.00324392
-172.487	0.00324376
-172.397	0.00324311
-172.307	0.00323954
-172.217	0.00324309
-172.127	0.00323675
-172.037	0.00325955
-171.947	0.00324372
-171.857	0.0032515
-171.767	0.00323719
-171.677	0.00324574
-171.587	0.00324986
-171.497	0.00324775
-171.407	0.00325079
-171.317	0.00327108
-171.227	0.00325774
-171.137	0.00326228
-171.047	0.00327106
-170.957	0.00326863
-170.867	0.00326095
-170.777	0.00327761
-170.687	0.00327402
-170.597	0.00327546
-170.507	0.00326978
-170.417	0.00326443
-170.327	0.00326547
-170.237	0.00325736
-170.147	0.00327919
-170.057	0.003277
-169.968	0.00327903
-169.878	0.00328411
-169.788	0.003283
-169.698	0.00328691
-169.608	0.00329129
-169.518	0.00329573
-169.428	0.00329502
-169.338	0.00330444
-169.248	0.00327827
-169.158	0.00329838
-169.068	0.00329001
-168.978	0.00329771
-168.888	0.00330217
-168.798	0.00330687
-168.708	0.00329897
-168.618	0.00331591
-168.528	0.0033181
-168.438	0.00330479
-168.348	0.00329935
-168.258	0.00331616
-168.168	0.00332248
-168.078	0.00331676
-167.988	0.00332029
-167.898	0.00332193
-167.808	0.00332112
-167.718	0.00331847
-167.628	0.00334125
-167.538	0.00331717
-167.448	0.00333898
-167.358	0.00332809
-167.268	0.00334625
-167.178	0.00332518
-167.088	0.00333699
-166.998	0.00333223
-166.908	0.00334759
-166.818	0.00336123
-166.728	0.00335809
-166.638	0.00332913
-166.548	0.00333618
-166.458	0.00333304
-166.368	0.00335864
-166.278	0.0033589
-166.188	0.00337777
-166.098	0.00335783
-166.008	0.00336636
-165.919	0.00336893
-165.829	0.00335896
-165.739	0.00337497
-165.649	0.00336545
-165.559	0.00337299
-165.469	0.00339249
-165.379	0.00338833
-165.289	0.0033861
-165.199	0.00338349
-165.109	0.00339346
-165.019	0.0033844
-164.929	0.0034075
-164.839	0.00340432
-164.749	0.0034128
-164.659	0.00339729
-164.569	0.00341061
-164.479	0.00340213
-164.389	0.00340903
-164.299	0.00340661
-164.209	0.00340528
-164.119	0.00341093
-164.029	0.00341243
-163.939	0.00341231
-163.849	0.00343154
-163.759	0.00342435
-163.669	0.00342802
-163.579	0.00344228
-163.489	0.00344257
-163.399	0.00343203
-163.309	0.00344644
-163.219	0.00344001
-163.129	0.00344938
-163.039	0.00343805
-162.949	0.00344999
-162.859	0.00343977
-162.769	0.00345033
-162.679	0.00344476
-162.589	0.00344389
-162.499	0.00345759
-162.409	0.00345424
-162.319	0.00347382
-162.229	0.00345645
-162.139	0.0034633
-162.049	0.00346407
-161.96	0.00346061
-161.87	0.00346665
-161.78	0.00349091
-161.69	0.00346985
-161.6	0.00348694
-161.51	0.00348371
-161.42	0.00348671
-161.33	0.0034843
-161.24	0.00348724
-161.15	0.00350084
-161.06	0.00350019
-160.97	0.00351164
-160.88	0.00349754
-160.79	0.00351412
-160.7	0.00350631
-160.61	0.00351801
-160.52	0.0035239
-160.43	0.00351407
-160.34	0.00350964
-160.25	0.00351478
-160.16	0.00353643
-160.07	0.00352243
-159.98	0.00352338
-159.89	0.00352005
-159.8	0.00353442
-159.71	0.00353767
-159.62	0.00354458
-159.53	0.00353065
-159.44	0.00353442
-159.35	0.00353069
-159.26	0.00356685
-159.17	0.00355234
-159.08	0.00357042
-158.99	0.0035462
-158.9	0.0035511
-158.81	0.00355787
-158.72	0.00355441
-158.63	0.00356527
-158.54	0.00357198
-158.45	0.00357871
-158.36	0.00356456
-158.27	0.00356768
-158.18	0.00358128
-158.09	0.00357024
-158.0	0.00357022
-157.911	0.0035781
-157.821	0.0035973
-157.731	0.00358947
-157.641	0.00358422
-157.551	0.00359124
-157.461	0.00358428
-157.371	0.00359792
-157.281	0.0035882
-157.191	0.00359918
-157.101	0.00359693
-157.011	0.00360178
-156.921	0.00361416
-156.831	0.00362075
-156.741	0.00361633
-156.651	0.00360713
-156.561	0.00360784
-156.471	0.00361574
-156.381	0.00362567
-156.291	0.00361688
-156.201	0.00362673
-156.111	0.00362168
-156.021	0.00362292
-155.931	0.00362993
-155.841	0.0036337
-155.751	0.00364322
-155.661	0.00364866
-155.571	0.00362997
-155.481	0.00365461
-155.391	0.00363789
-155.301	0.00364093
-155.211	0.00364772
-155.121	0.00364689
-155.031	0.00363504
-154.941	0.00364914
-154.851	0.00366769
-154.761	0.00366442
-154.671	0.00365684
-154.581	0.00365881
-154.491	0.00366345
-154.401	0.00365772
-154.311	0.00365646
-154.221	0.00366842
-154.131	0.0036765
-154.041	0.00367993
-153.952	0.00367148
-153.862	0.00366187
-153.772	0.00367427
-153.682	0.00368384
-153.592	0.00369085
-153.502	0.00367575
-153.412	0.00367944
-153.322	0.00368504
-153.232	0.00369057
-153.142	0.00368364
-153.052	0.00369154
-152.962	0.00370496
-152.872	0.00370263
-152.782	0.00371047
-152.692	0.00370162
-152.602	0.00370376
-152.512	0.00370662
-152.422	0.00370879
-152.332	0.00369985
-152.242	0.00371278
-152.152	0.00371329
-152.062	0.00370334
-151.972	0.00371378
-151.882	0.00370494
-151.792	0.00371224
-151.702	0.00370926
-151.612	0.00371805
-151.522	0.0037106
-151.432	0.00371307
-151.342	0.00372778
-151.252	0.00371933
-151.162	0.00371428
-151.072	0.00372237
-150.982	0.0037092
-150.892	0.00372002
-150.802	0.00372024
-150.712	0.00374746
-150.622	0.00372486
-150.532	0.00373013
-150.442	0.00374503
-150.352	0.00372754
-150.262	0.00371509
-150.172	0.00373009
-150.082	0.00372113
-149.993	0.00373455
-149.903	0.00373413
-149.813	0.00372059
-149.723	0.00371045
-149.633	0.00372861
-149.543	0.00373506
-149.453	0.00373171
-149.363	0.00371562
-149.273	0.00374031
-149.183	0.00371945
-149.093	0.00374248
-149.003	0.00373759
-148.913	0.00373678
-148.823	0.00371765
-148.733	0.0037262
-148.643	0.00373279
-148.553	0.00373362
-148.463	0.00371349
-148.373	0.00372383
-148.283	0.00373269
-148.193	0.00372417
-148.103	0.00373994
-148.013	0.00374432
-147.923	0.0037459
-147.833	0.00373234
-147.743	0.00373579
-147.653	0.00372742
-147.563	0.0037212
-147.473	0.00373046
-147.383	0.0037378
-147.293	0.00372987
-147.203	0.00373814
-147.113	0.00371589
-147.023	0.0037323
-146.933	0.00371763
-146.843	0.00372061
-146.753	0.00372393
-146.663	0.00371351
-146.573	0.00371775
-146.483	0.00372495
-146.393	0.00371684
-146.303	0.00371361
-146.213	0.00368998
-146.123	0.00373309
-146.033	0.00371439
-145.944	0.00372719
-145.854	0.00371514
-145.764	0.00371864
-145.674	0.00371929
-145.584	0.00371929
-145.494	0.00371891
-145.404	0.00369495
-145.314	0.00370818
-145.224	0.00371033
-145.134	0.00370462
-145.044	0.0036884
-144.954	0.00370397
-144.864	0.00369215
-144.774	0.00370608
-144.684	0.0036947
-144.594	0.00369093
-144.504	0.00369736
-144.414	0.00368532
-144.324	0.00368548
-144.234	0.00368652
-144.144	0.00369093
-144.054	0.0036686
-143.964	0.00368202
-143.874	0.00368433
-143.784	0.00368163
-143.694	0.0036668
-143.604	0.00368453
-143.514	0.00366686
-143.424	0.00368015
-143.334	0.00365016
-143.244	0.00365891
-143.154	0.00366424
-143.064	0.00364782
-142.974	0.00365202
-142.884	0.00365318
-142.794	0.00363791
-142.704	0.00363232
-142.614	0.0036448
-142.524	0.00363325
-142.434	0.00364087
-142.344	0.00365012
-142.254	0.0036366
-142.164	0.00363291
-142.074	0.0036335
-141.985	0.00362312
-141.895	0.00363171
-141.805	0.00361815
-141.715	0.00361868
-141.625	0.00360664
-141.535	0.00358714
-141.445	0.00361351
-141.355	0.00361351
-141.265	0.00358925
-141.175	0.00361461
-141.085	0.00358343
-140.995	0.00359565
-140.905	0.00360064
-140.815	0.00359383
-140.725	0.00358214
-140.635	0.00357806
-140.545	0.00359041
-140.455	0.00357158
-140.365	0.0035655
-140.275	0.00356706
-140.185	0.0035732
-140.095	0.00355796
-140.005	0.003564
-139.915	0.00354784
-139.825	0.00357441
-139.735	0.00354434
-139.645	0.0035328
-139.555	0.00353213
-139.465	0.00353309
-139.375	0.00353763
-139.285	0.00352646
-139.195	0.0035247
-139.105	0.00351924
-139.015	0.00350193
-138.925	0.0035068
-138.835	0.00349908
-138.745	0.00349415
-138.655	0.00349664
-138.565	0.00348671
-138.475	0.00346809
-138.385	0.00348882
-138.295	0.00346478
-138.205	0.00347277
-138.115	0.00346997
-138.025	0.00347289
-137.936	0.00346742
-137.846	0.00346278
-137.756	0.00344472
-137.666	0.00344066
-137.576	0.00344429
-137.486	0.00344581
-137.396	0.003431
-137.306	0.00342042
-137.216	0.00342463
-137.126	0.00341944
-137.036	0.00339709
-136.946	0.00339658
-136.856	0.00339982
-136.766	0.00339824
-136.676	0.0033998
-136.586	0.0033859
-136.496	0.0033876
-136.406	0.003386
-136.316	0.00336119
-136.226	0.00338116
-136.136	0.00336431
-136.046	0.00335463
-135.956	0.00334425
-135.866	0.00336194
-135.776	0.00333379
-135.686	0.00332878
-135.596	0.00332477
-135.506	0.00334299
-135.416	0.00331944
-135.326	0.00330201
-135.236	0.00330758
-135.146	0.00331216
-135.056	0.00327708
-134.966	0.0033046
-134.876	0.00328269
-134.786	0.00329031
-134.696	0.003279
-134.606	0.0032756
-134.516	0.00324881
-134.426	0.00326684
-134.336	0.00324485
-134.246	0.00326251
-134.156	0.00323784
-134.066	0.00324349
-133.977	0.00323014
-133.887	0.00322167
-133.797	0.00322629
-133.707	0.00322653
-133.617	0.00321019
-133.527	0.00319664
-133.437	0.00320616
-133.347	0.00321228
-133.257	0.00319842
-133.167	0.00319161
-133.077	0.00318713
-132.987	0.00318279
-132.897	0.00315813
-132.807	0.00316451
-132.717	0.00316765
-132.627	0.00314007
-132.537	0.00315652
-132.447	0.003146
-132.357	0.00313857
-132.267	0.00313692
-132.177	0.00312371
-132.087	0.00312255
-131.997	0.00311546
-131.907	0.00310746
-131.817	0.00311633
-131.727	0.00309406
-131.637	0.00308759
-131.547	0.0030855
-131.457	0.00307517
-131.367	0.00308402
-131.277	0.00308427
-131.187	0.00307077
-131.097	0.00306084
-131.007	0.0030715
-130.917	0.00304614
-130.827	0.00305589
-130.737	0.00304152
-130.647	0.00303629
-130.557	0.00303015
-130.467	0.003023
-130.377	0.00301278
-130.287	0.00301074
-130.197	0.00300218
-130.107	0.00299744
-130.017	0.00300032
-129.928	0.00298937
-129.838	0.00299067
-129.748	0.00296144
-129.658	0.00296846
-129.568	0.00297095
-129.478	0.00295244
-129.388	0.00297069
-129.298	0.0029519
-129.208	0.00295147
-129.118	0.00295727
-129.028	0.00292593
-128.938	0.00293374
-128.848	0.00292922
-128.758	0.00291817
-128.668	0.00291683
-128.578	0.00291428
-128.488	0.00290005
-128.398	0.00289121
-128.308	0.00290526
-128.218	0.00290234
-128.128	0.00287654
-128.038	0.00287974
-127.948	0.00288059
-127.858	0.00286422
-127.768	0.00287084
-127.678	0.00286709
-127.588	0.00286517
-127.498	0.00285291
-127.408	0.00283992
-127.318	0.00283969
-127.228	0.00284516
-127.138	0.00283229
-127.048	0.00282453
-126.958	0.00282348
-126.868	0.00279907
-126.778	0.00279468
-126.688	0.00280357
-126.598	0.0028074
-126.508	0.00280329
-126.418	0.00278517
-126.328	0.00279024
-126.238	0.00278736
-126.148	0.00279308
-126.058	0.00278039
-125.969	0.00276282
-125.879	0.00276829
-125.789	0.00275072
-125.699	0.00274245
-125.609	0.00275436
-125.519	0.00273732
-125.429	0.00275461
-125.339	0.00272803
-125.249	0.00273306
-125.159	0.00273397
-125.069	0.00273995
-124.979	0.00272799
-124.889	0.00272276
-124.799	0.00270914
-124.709	0.00271671
-124.619	0.00269609
-124.529	0.00270209
-124.439	0.00270779
-124.349	0.00270132
-124.259	0.00267836
-124.169	0.00269627
-124.079	0.00268567
-123.989	0.00268318
-123.899	0.00266612
-123.809	0.00267698
-123.719	0.00267353
-123.629	0.00264933
-123.539	0.0026573
-123.449	0.00264866
-123.359	0.00265898
-123.269	0.00265302
-123.179	0.00263391
-123.089	0.00262949
-122.999	0.00263172
-122.909	0.00263896
-122.819	0.00261551
-122.729	0.0026177
-122.639	0.00262643
-122.549	0.00262645
-122.459	0.00261153
-122.369	0.00261729
-122.279	0.00260835
-122.189	0.00260894
-122.099	0.00259056
-122.009	0.00259279
-121.92	0.0026029
-121.83	0.00257124
-121.74	0.00258237
-121.65	0.00258446
-121.56	0.00257641
-121.47	0.00258334
-121.38	0.00257929
-121.29	0.00256161
-121.2	0.00257375
-121.11	0.00256858
-121.02	0.00254714
-120.93	0.00256775
-120.84	0.00255726
-120.75	0.00254572
-120.66	0.00255713
-120.57	0.00255199
-120.48	0.00254009
-120.39	0.00252693
-120.3	0.0025383
-120.21	0.00254228
-120.12	0.00252503
-120.03	0.00253391
-119.94	0.00253143
-119.85	0.00252985
-119.76	0.00251445
-119.67	0.00252225
-119.58	0.00250845
-119.49	0.00250221
-119.4	0.00251046
-119.31	0.0025078
-119.22	0.00251082
-119.13	0.00250436
-119.04	0.00250563
-118.95	0.0024956
-118.86	0.00248922
-118.77	0.00249633
-118.68	0.0024909
-118.59	0.00249576
-118.5	0.00248356
-118.41	0.00247955
-118.32	0.00247872
-118.23	0.00247596
-118.14	0.00247602
-118.05	0.00247807
-117.961	0.00246617
-117.871	0.00246347
-117.781	0.0024506
-117.691	0.00246285
-117.601	0.00243686
-117.511	0.00245875
-117.421	0.0024487
-117.331	0.00244951
-117.241	0.00245904
-117.151	0.00244783
-117.061	0.00243283
-116.971	0.00243263
-116.881	0.00244706
-116.791	0.00243175
-116.701	0.00242533
-116.611	0.00242898
-116.521	0.00244161
-116.431	0.00242961
-116.341	0.00242099
-116.251	0.00240883
-116.161	0.00241477
-116.071	0.00241945
-115.981	0.00240425
-115.891	0.00241511
-115.801	0.00240766
-115.711	0.0024068
-115.621	0.00240447
-115.531	0.00240376
-115.441	0.00239499
-115.351	0.00239999
-115.261	0.00238901
-115.171	0.00240038
-115.081	0.00239416
-114.991	0.00239935
-114.901	0.00239973
-114.811	0.00239797
-114.721	0.0024017
-114.631	0.0023687
-114.541	0.00238046
-114.451	0.00237061
-114.361	0.00237756
-114.271	0.0023746
-114.181	0.00237359
-114.091	0.0023759
-114.001	0.00236457
-113.912	0.00236659
-113.822	0.00235168
-113.732	0.00236331
-113.642	0.00235409
-113.552	0.00236205
-113.462	0.00236094
-113.372	0.0023522
-113.282	0.00234622
-113.192	0.00233818
-113.102	0.00234397
-113.012	0.00234868
-112.922	0.0023432
-112.832	0.00235011
-112.742	0.00234012
-112.652	0.00233805
-112.562	0.00233662
-112.472	0.00234055
-112.382	0.00232906
-112.292	0.00231294
-112.202	0.00233384
-112.112	0.002323
-112.022	0.00231531
-111.932	0.00231876
-111.842	0.00231876
-111.752	0.0023218
-111.662	0.002316
-111.572	0.00231726
-111.482	0.00230692
-111.392	0.00230289
-111.302	0.00229294
-111.212	0.00229811
-111.122	0.00230692
-111.032	0.00230559
-110.942	0.00229977
-110.852	0.00229318
-110.762	0.00229178
-110.672	0.00230471
-110.582	0.00228451
-110.492	0.00229111
-110.402	0.00227674
-110.312	0.00229022
-110.222	0.00229156
-110.132	0.00228392
-110.042	0.00228033
-109.953	0.00227194
-109.863	0.00227772
-109.773	0.00227879
-109.683	0.00228193
-109.593	0.00227403
-109.503	0.00226708
-109.413	0.00228171
-109.323	0.00226041
-109.233	0.00226144
-109.143	0.00225597
-109.053	0.00226803
-108.963	0.00225461
-108.873	0.0022404
-108.783	0.00224971
-108.693	0.00225325
-108.603	0.00225352
-108.513	0.00224318
-108.423	0.00224778
-108.333	0.00223921
-108.243	0.00223886
-108.153	0.00224284
-108.063	0.00223191
-107.973	0.00223854
-107.883	0.00222808
-107.793	0.00222109
-107.703	0.00222332
-107.613	0.00221965
-107.523	0.00222285
-107.433	0.00222917
-107.343	0.00222913
-107.253	0.00221926
-107.163	0.00221906
-107.073	0.00221203
-106.983	0.00221197
-106.893	0.00221262
-106.803	0.00221049
-106.713	0.00220943
-106.623	0.00221339
-106.533	0.00220897
-106.443	0.00220645
-106.353	0.00220676
-106.263	0.00220793
-106.173	0.0021946
-106.083	0.00222015
-105.994	0.00220104
-105.904	0.00220491
-105.814	0.00220199
-105.724	0.00219942
-105.634	0.00220609
-105.544	0.00219245
-105.454	0.00220019
-105.364	0.0021919
-105.274	0.0021854
-105.184	0.00219368
-105.094	0.00218244
-105.004	0.00219056
-104.914	0.00217863
-104.824	0.00218359
-104.734	0.00218841
-104.644	0.00218199
-104.554	0.00219212
-104.464	0.00217972
-104.374	0.00218544
-104.284	0.0021784
-104.194	0.00218467
-104.104	0.00217473
-104.014	0.00218487
-103.924	0.00218306
-103.834	0.00218165
-103.744	0.00217082
-103.654	0.00216886
-103.564	0.00216918
-103.474	0.00218175
-103.384	0.0021765
-103.294	0.00217054
-103.204	0.00217109
-103.114	0.00217534
-103.024	0.00217668
-102.934	0.00216468
-102.844	0.00216081
-102.754	0.00217376
-102.664	0.00217159
-102.574	0.00216199
-102.484	0.00215558
-102.394	0.00216801
-102.304	0.00215345
-102.214	0.00216912
-102.124	0.00215878
-102.034	0.00215276
-101.945	0.00216748
-101.855	0.00216385
-101.765	0.00216012
-101.675	0.00216038
-101.585	0.00216024
-101.495	0.00215893
-101.405	0.00214654
-101.315	0.00215404
-101.225	0.00215447
-101.135	0.00217421
-101.045	0.00215743
-100.955	0.00214946
-100.865	0.00214638
-100.775	0.00215698
-100.685	0.0021634
-100.595	0.00216126
-100.505	0.00215674
-100.415	0.00215522
-100.325	0.00214488
-100.235	0.00214751
-100.145	0.00216201
-100.055	0.00216292
-99.965	0.00215972
-99.875	0.00215329
-99.7851	0.0021646
-99.6951	0.00215317
-99.6051	0.00215558
-99.5151	0.00215165
-99.4251	0.00215291
-99.3352	0.00215222
-99.2452	0.00216525
-99.1552	0.00215189
-99.0652	0.00216557
-98.9753	0.00216671
-98.8853	0.00216176
-98.7953	0.00215145
-98.7053	0.00215862
-98.6153	0.0021659
-98.5254	0.00215428
-98.4354	0.00215345
-98.3454	0.00215815
-98.2554	0.00215398
-98.1655	0.00215254
-98.0755	0.002163
-97.9855	0.00215289
-97.8955	0.00216004
-97.8055	0.00215361
-97.7156	0.00216513
-97.6256	0.0021584
-97.5356	0.00215645
-97.4456	0.0021507
-97.3557	0.00214909
-97.2657	0.00216057
-97.1757	0.00216399
-97.0857	0.00215422
-96.9958	0.00217044
-96.9058	0.0021661
-96.8158	0.00216486
-96.7258	0.0021555
-96.6358	0.00216012
-96.5459	0.00216673
-96.4559	0.00216083
-96.3659	0.00215122
-96.2759	0.00215767
-96.186	0.00216324
-96.096	0.00216178
-96.006	0.00216701
-95.916	0.00215601
-95.826	0.00216194
-95.7361	0.00216148
-95.6461	0.00217021
-95.5561	0.00217222
-95.4661	0.00217417
-95.3762	0.00216916
-95.2862	0.00216691
-95.1962	0.00216596
-95.1062	0.0021706
-95.0162	0.00216432
-94.9263	0.00215736
-94.8363	0.00217437
-94.7463	0.00216513
-94.6563	0.0021676
-94.5664	0.00217238
-94.4764	0.00216207
-94.3864	0.00217514
-94.2964	0.0021825
-94.2064	0.00216845
-94.1165	0.00217494
-94.0265	0.00217173
-93.9365	0.00216486
-93.8465	0.00216961
-93.7566	0.00217275
-93.6666	0.00218069
-93.5766	0.00217846
-93.4866	0.00218406
-93.3967	0.00218625
-93.3067	0.00216756
-93.2167	0.00218146
-93.1267	0.00217522
-93.0367	0.00217143
-92.9468	0.00218576
-92.8568	0.00217994
-92.7668	0.002183
-92.6768	0.00217848
-92.5869	0.00217871
-92.4969	0.00219334
-92.4069	0.00218503
-92.3169	0.00219052
-92.2269	0.00219326
-92.137	0.00219391
-92.047	0.00217956
-91.957	0.00216798
-91.867	0.00218387
-91.7771	0.00218631
-91.6871	0.00218951
-91.5971	0.00219052
-91.5071	0.00219048
-91.4171	0.00219446
-91.3272	0.00219981
-91.2372	0.00219559
-91.1472	0.00220037
-91.0572	0.00219802
-90.9673	0.00219512
-90.8773	0.00219758
-90.7873	0.00219964
-90.6973	0.00220202
-90.6073	0.00218914
-90.5174	0.00219358
-90.4274	0.00220497
-90.3374	0.00220165
-90.2474	0.00220615
-90.1575	0.00220473
-90.0675	0.00218785
-89.9775	0.0022101
-89.8875	0.00220716
-89.7976	0.00221742
-89.7076	0.00220988
-89.6176	0.00221484
-89.5276	0.00222129
-89.4376	0.00220923
-89.3477	0.00220777
-89.2577	0.00220834
-89.1677	0.0022262
-89.0777	0.00221726
-88.9878	0.00221174
-88.8978	0.00222253
-88.8078	0.00222315
-88.7178	0.00221898
-88.6278	0.00220585
-88.5379	0.0022209
-88.4479	0.00221671
-88.3579	0.00222484
-88.2679	0.00222022
-88.178	0.00222607
-88.088	0.00223268
-87.998	0.0022209
-87.908	0.00221559
-87.818	0.00223021
-87.7281	0.00222141
-87.6381	0.00223763
-87.5481	0.00222881
-87.4581	0.00224211
-87.3682	0.00222634
-87.2782	0.00223278
-87.1882	0.00223852
-87.0982	0.00223459
-87.0082	0.00223106
-86.9183	0.00225082
-86.8283	0.00224703
-86.7383	0.0022384
-86.6483	0.00224808
-86.5584	0.00223246
-86.4684	0.00223929
-86.3784	0.0022299
-86.2884	0.00224071
-86.1985	0.00224545
-86.1085	0.002236
-86.0185	0.00225232
-85.9285	0.00224738
-85.8385	0.00224673
-85.7486	0.00224391
-85.6586	0.00225019
-85.5686	0.00224869
-85.4786	0.00225106
-85.3887	0.0022565
-85.2987	0.00225354
-85.2087	0.00225688
-85.1187	0.00225376
-85.0287	0.00226128
-84.9388	0.00225791
-84.8488	0.00226359
-84.7588	0.00225958
-84.6688	0.00225838
-84.5789	0.00226657
-84.4889	0.00226626
-84.3989	0.00226744
-84.3089	0.00227684
-84.2189	0.00225984
-84.129	0.00228145
-84.039	0.00226987
-83.949	0.00227301
-83.859	0.0022703
-83.7691	0.00227083
-83.6791	0.00226547
-83.5891	0.00228031
-83.4991	0.00227423
-83.4091	0.00227081
-83.3192	0.00227014
-83.2292	0.0022855
-83.1392	0.00228363
-83.0492	0.002287
-82.9593	0.00228457
-82.8693	0.00229764
-82.7793	0.00228641
-82.6893	0.00229488
-82.5994	0.00228913
-82.5094	0.00229247
-82.4194	0.00227826
-82.3294	0.00229413
-82.2394	0.00228967
-82.1495	0.00230265
-82.0595	0.00229077
-81.9695	0.00229213
-81.8795	0.00230038
-81.7896	0.00230986
-81.6996	0.00230161
-81.6096	0.00229612
-81.5196	0.00229492
-81.4296	0.00229997
-81.3397	0.00229886
-81.2497	0.00229985
-81.1597	0.00229247
-81.0697	0.00231341
-80.9798	0.00230498
-80.8898	0.00230506
-80.7998	0.0023144
-80.7098	0.00230597
-80.6198	0.00231004
-80.5299	0.00231071
-80.4399	0.00230954
-80.3499	0.00231163
-80.2599	0.00232354
-80.17	0.00232707
-80.08	0.00231846
-79.99	0.00231351
-79.9	0.00233173
-79.81	0.00233236
-79.7201	0.00233039
-79.6301	0.00233262
-79.5401	0.00232443
-79.4501	0.00232291
-79.3602	0.00231388
-79.2702	0.00232508
-79.1802	0.00231045
-79.0902	0.00232261
-79.0002	0.00231827
-78.9103	0.00232551
-78.8203	0.0023448
-78.7303	0.00232622
-78.6403	0.00232808
-78.5504	0.00234103
-78.4604	0.00233718
-78.3704	0.00233548
-78.2804	0.00235273
-78.1905	0.00233047
-78.1005	0.00233728
-78.0105	0.00234241
-77.9205	0.00235003
-77.8305	0.00235159
-77.7406	0.00234416
-77.6506	0.00233998
-77.5606	0.00234549
-77.4706	0.00233183
-77.3807	0.00234545
-77.2907	0.00234124
-77.2007	0.00235125
-77.1107	0.00234424
-77.0207	0.00234476
-76.9308	0.00233368
-76.8408	0.00233806
-76.7508	0.00235512
-76.6608	0.00234227
-76.5709	0.00235818
-76.4809	0.00235435
-76.3909	0.00234886
-76.3009	0.0023549
-76.2109	0.00235767
-76.121	0.00236292
-76.031	0.00235044
-75.941	0.00234819
-75.851	0.00235393
-75.7611	0.00237162
-75.6711	0.00236896
-75.5811	0.0023539
-75.4911	0.00235088
-75.4011	0.00235208
-75.3112	0.00234864
-75.2212	0.00235992
-75.1312	0.00235601
-75.0412	0.00235883
-74.9513	0.0023547
-74.8613	0.00235769
-74.7713	0.00236148
-74.6813	0.0023701
-74.5914	0.00236086
-74.5014	0.0023701
-74.4114	0.00237448
-74.3214	0.00236716
-74.2314	0.00235853
-74.1415	0.00235786
-74.0515	0.00237117
-73.9615	0.00235747
-73.8715	0.00236708
-73.7816	0.00237052
-73.6916	0.00238477
-73.6016	0.00237823
-73.5116	0.00236736
-73.4216	0.00238686
-73.3317	0.00237509
-73.2417	0.00236678
-73.1517	0.00236169
-73.0617	0.0023641
-72.9718	0.00237089
-72.8818	0.00238108
-72.7918	0.00237148
-72.7018	0.00236501
-72.6118	0.00236947
-72.5219	0.00236994
-72.4319	0.0023804
-72.3419	0.0023778
-72.2519	0.00237746
-72.162	0.00237012
-72.072	0.00238246
-71.982	0.0023776
-71.892	0.00237405
-71.802	0.00238131
-71.7121	0.0023836
-71.6221	0.00237673
-71.5321	0.00237363
-71.4421	0.00236821
-71.3522	0.0023749
-71.2622	0.00236436
-71.1722	0.00236438
-71.0822	0.00236714
-70.9923	0.00236777
-70.9023	0.00237888
-70.8123	0.00237531
-70.7223	0.0023746
-70.6323	0.00237324
-70.5424	0.00238037
-70.4524	0.00237444
-70.3624	0.00237685
-70.2724	0.00237421
-70.1825	0.00238151
-70.0925	0.00238038
-70.0025	0.00236418
-69.9125	0.00236436
-69.8225	0.00237845
-69.7326	0.00237282
-69.6426	0.00237924
-69.5526	0.002367
-69.4626	0.00238115
-69.3727	0.00237207
-69.2827	0.00238335
-69.1927	0.00236347
-69.1027	0.00238086
-69.0127	0.00237403
-68.9228	0.00237987
-68.8328	0.002378
-68.7428	0.00237667
-68.6528	0.00238605
-68.5629	0.00238532
-68.4729	0.00238919
-68.3829	0.00237883
-68.2929	0.00238376
-68.2029	0.00238258
-68.113	0.00237699
-68.023	0.00238737
-67.933	0.00237375
-67.843	0.00236856
-67.7531	0.00237093
-67.6631	0.00236396
-67.5731	0.00239288
-67.4831	0.00237703
-67.3932	0.00237541
-67.3032	0.00237711
-67.2132	0.00237466
-67.1232	0.00236455
-67.0332	0.00238192
-66.9433	0.00239898
-66.8533	0.0023748
-66.7633	0.00237624
-66.6733	0.00237202
-66.5834	0.0023699
-66.4934	0.00237594
-66.4034	0.00238751
-66.3134	0.00237393
-66.2234	0.00237802
-66.1335	0.00238528
-66.0435	0.00238035
-65.9535	0.00237618
-65.8635	0.00238228
-65.7736	0.00238037
-65.6836	0.00238185
-65.5936	0.00238179
-65.5036	0.00237515
-65.4136	0.00237521
-65.3237	0.00237413
-65.2337	0.00237924
-65.1437	0.00238084
-65.0537	0.00238785
-64.9638	0.00238706
-64.8738	0.00238104
-64.7838	0.0023624
-64.6938	0.00237669
-64.6038	0.00237916
-64.5139	0.00237894
-64.4239	0.00238131
-64.3339	0.00237975
-64.2439	0.0023702
-64.154	0.00238808
-64.064	0.00237916
-63.974	0.00237742
-63.884	0.00237908
-63.7941	0.00237494
-63.7041	0.00238412
-63.6141	0.00238854
-63.5241	0.0023749
-63.4341	0.00237989
-63.3442	0.00238131
-63.2542	0.00237468
-63.1642	0.00238187
-63.0742	0.00237379
-62.9843	0.00237786
-62.8943	0.002375
-62.8043	0.00238757
-62.7143	0.00239584
-62.6243	0.00238384
-62.5344	0.00237138
-62.4444	0.00237263
-62.3544	0.00237314
-62.2644	0.00237636
-62.1745	0.00237235
-62.0845	0.00237971
-61.9945	0.00237837
-61.9045	0.00236955
-61.8145	0.00239053
-61.7246	0.00237282
-61.6346	0.00239172
-61.5446	0.00238923
-61.4546	0.00238189
-61.3647	0.00237926
-61.2747	0.00237786
-61.1847	0.00239325
-61.0947	0.00237434
-61.0047	0.00238038
-60.9148	0.00238321
-60.8248	0.00237877
-60.7348	0.00238009
-60.6448	0.00237656
-60.5549	0.00236949
-60.4649	0.00238054
-60.3749	0.00237954
-60.2849	0.00238331
-60.195	0.00238265
-60.105	0.00237663
-60.015	0.00237504
-59.925	0.00238875
-59.835	0.00238566
-59.7451	0.00239987
-59.6551	0.00239146
-59.5651	0.00239008
-59.4751	0.00238893
-59.3852	0.00237782
-59.2952	0.0023777
-59.2052	0.00239464
-59.1152	0.00238844
-59.0252	0.00239274
-58.9353	0.00238937
-58.8453	0.00238879
-58.7553	0.00239734
-58.6653	0.00238552
-58.5754	0.00238429
-58.4854	0.00240034
-58.3954	0.00239519
-58.3054	0.00239292
-58.2154	0.00239316
-58.1255	0.00239722
-58.0355	0.00240948
-57.9455	0.00239537
-57.8555	0.0024003
-57.7656	0.00239438
-57.6756	0.00238852
-57.5856	0.00239199
-57.4956	0.00240056
-57.4056	0.0024083
-57.3157	0.00240235
-57.2257	0.00240526
-57.1357	0.00240305
-57.0457	0.00240514
-56.9558	0.00239675
-56.8658	0.00240125
-56.7758	0.00240808
-56.6858	0.00241276
-56.5959	0.00240048
-56.5059	0.00240192
-56.4159	0.00240608
-56.3259	0.00241025
-56.2359	0.00239412
-56.146	0.00239685
-56.056	0.00240607
-55.966	0.00241305
-55.876	0.00240788
-55.7861	0.00240703
-55.6961	0.00240352
-55.6061	0.00241477
-55.5161	0.00241327
-55.4261	0.00241301
-55.3362	0.00240816
-55.2462	0.00240684
-55.1562	0.00241893
-55.0662	0.00241718
-54.9763	0.00241554
-54.8863	0.00242523
-54.7963	0.00241501
-54.7063	0.002417
-54.6163	0.00241137
-54.5264	0.00242349
-54.4364	0.00242095
-54.3464	0.00242271
-54.2564	0.00241098
-54.1665	0.00244272
-54.0765	0.00243143
-53.9865	0.00241992
-53.8965	0.00242545
-53.8065	0.00242995
-53.7166	0.00241712
-53.6266	0.00243088
-53.5366	0.00241953
-53.4466	0.00242032
-53.3567	0.00242959
-53.2667	0.00245156
-53.1767	0.0024291
-53.0867	0.00243502
-52.9968	0.00242428
-52.9068	0.00244383
-52.8168	0.00243607
-52.7268	0.00243561
-52.6368	0.00242326
-52.5469	0.00243524
-52.4569	0.00243269
-52.3669	0.00244416
-52.2769	0.00244829
-52.187	0.00243792
-52.097	0.00244019
-52.007	0.00244227
-51.917	0.00246183
-51.827	0.00243899
-51.7371	0.00244495
-51.6471	0.00244888
-51.5571	0.00244959
-51.4671	0.00244712
-51.3772	0.00245768
-51.2872	0.00245762
-51.1972	0.00245178
-51.1072	0.00245407
-51.0172	0.00246972
-50.9273	0.00244868
-50.8373	0.00246856
-50.7473	0.00245563
-50.6573	0.00246124
-50.5674	0.00247472
-50.4774	0.00247114
-50.3874	0.00245928
-50.2974	0.00247146
-50.2074	0.00245464
-50.1175	0.00246054
-50.0275	0.0024743
-49.9375	0.00247829
-49.8475	0.00246848
-49.7576	0.00248405
-49.6676	0.0024869
-49.5776	0.00248587
-49.4876	0.00247863
-49.3977	0.00246801
-49.3077	0.00249114
-49.2177	0.00247813
-49.1277	0.00248315
-49.0377	0.00248879
-48.9478	0.00248526
-48.8578	0.00248958
-48.7678	0.00249382
-48.6778	0.00248855
-48.5879	0.0024866
-48.4979	0.00249244
-48.4079	0.00249424
-48.3179	0.00249921
-48.2279	0.0024809
-48.138	0.00249513
-48.048	0.00250798
-47.958	0.00249746
-47.868	0.00250281
-47.7781	0.0025094
-47.6881	0.00250502
-47.5981	0.00250586
-47.5081	0.00251344
-47.4181	0.00251378
-47.3282	0.00250606
-47.2382	0.00252219
-47.1482	0.00251714
-47.0582	0.00252134
-46.9683	0.00251048
-46.8783	0.00252663
-46.7883	0.00252708
-46.6983	0.00251937
-46.6083	0.00252882
-46.5184	0.00251836
-46.4284	0.0025216
-46.3384	0.00253214
-46.2484	0.00252049
-46.1585	0.00252369
-46.0685	0.00253107
-45.9785	0.002538
-45.8885	0.00253149
-45.7986	0.00253198
-45.7086	0.00252673
-45.6186	0.0025473
-45.5286	0.00255122
-45.4386	0.00254031
-45.3487	0.00255951
-45.2587	0.00254491
-45.1687	0.00255482
-45.0787	0.00254811
-44.9888	0.00256204
-44.8988	0.00255979
-44.8088	0.00254854
-44.7188	0.00255454
-44.6288	0.00256475
-44.5389	0.0025578
-44.4489	0.00256404
-44.3589	0.00256151
-44.2689	0.00257436
-44.179	0.00257276
-44.089	0.00257477
-43.999	0.00258397
-43.909	0.00256336
-43.819	0.00258083
-43.7291	0.0025785
-43.6391	0.00256859
-43.5491	0.00257767
-43.4591	0.00257923
-43.3692	0.00257732
-43.2792	0.00258356
-43.1892	0.00256323
-43.0992	0.00257919
-43.0092	0.00258539
-42.9193	0.00259554
-42.8293	0.00259416
-42.7393	0.00259216
-42.6493	0.00260221
-42.5594	0.00260247
-42.4694	0.00259546
-42.3794	0.00260568
-42.2894	0.00259191
-42.1995	0.0026011
-42.1095	0.0026091
-42.0195	0.00259382
-41.9295	0.00260606
-41.8395	0.00261214
-41.7496	0.00261607
-41.6596	0.00260292
-41.5696	0.00261814
-41.4796	0.00261905
-41.3897	0.00261909
-41.2997	0.00262412
-41.2097	0.00260551
-41.1197	0.00262412
-41.0297	0.00261796
-40.9398	0.00262491
-40.8498	0.00262029
-40.7598	0.00262288
-40.6698	0.0026244
-40.5799	0.00261611
-40.4899	0.00263577
-40.3999	0.00263545
-40.3099	0.00263419
-40.2199	0.00262673
-40.13	0.00263794
-40.04	0.00264599
-39.95	0.00264765
-39.86	0.00265444
-39.7701	0.00264417
-39.6801	0.00264611
-39.5901	0.00265108
-39.5001	0.00263513
-39.4101	0.00264435
-39.3202	0.00265302
-39.2302	0.00265393
-39.1402	0.00266139
-39.0502	0.00266261
-38.9603	0.00266305
-38.8703	0.00266539
-38.7803	0.00265691
-38.6903	0.00265697
-38.6003	0.00267605
-38.5104	0.00266575
-38.4204	0.0026727
-38.3304	0.00267913
-38.2404	0.00266889
-38.1505	0.002665
-38.0605	0.00267473
-37.9705	0.00266364
-37.8805	0.0026653
-37.7906	0.00267613
-37.7006	0.00269942
-37.6106	0.00269338
-37.5206	0.00267329
-37.4306	0.00270525
-37.3407	0.0026741
-37.2507	0.0026877
-37.1607	0.00269358
-37.0707	0.00269141
-36.9808	0.00269299
-36.8908	0.00270252
-36.8008	0.00269336
-36.7108	0.00269092
-36.6208	0.00270394
-36.5309	0.0026968
-36.4409	0.00269719
-36.3509	0.00270874
-36.2609	0.00269885
-36.171	0.00270017
-36.081	0.00271472
-35.991	0.00269425
-35.901	0.00270813
-35.811	0.00271332
-35.7211	0.00271709
-35.6311	0.0027195
-35.5411	0.00271476
-35.4511	0.00270823
-35.3612	0.00272889
-35.2712	0.00272731
-35.1812	0.00271022
-35.0912	0.00271788
-35.0012	0.00271429
-34.9113	0.00273138
-34.8213	0.00272737
-34.7313	0.00272947
-34.6413	0.00272297
-34.5514	0.00272917
-34.4614	0.00274149
-34.3714	0.0027343
-34.2814	0.00273211
-34.1915	0.00274453
-34.1015	0.00274348
-34.0115	0.0027376
-33.9215	0.00273884
-33.8315	0.00275532
-33.7416	0.00275114
-33.6516	0.00274603
-33.5616	0.0027378
-33.4716	0.00275096
-33.3817	0.00275088
-33.2917	0.00274672
-33.2017	0.0027357
-33.1117	0.00276999
-33.0217	0.00275947
-32.9318	0.00276389
-32.8418	0.00275953
-32.7518	0.00275765
-32.6618	0.00276667
-32.5719	0.0027601
-32.4819	0.00275939
-32.3919	0.00275617
-32.3019	0.00277198
-32.2119	0.00276606
-32.122	0.00277802
-32.032	0.00276433
-31.942	0.0027815
-31.852	0.00276567
-31.7621	0.0027661
-31.6721	0.00277881
-31.5821	0.00277962
-31.4921	0.00277718
-31.4021	0.0027782
-31.3122	0.00277558
-31.2222	0.00278353
-31.1322	0.00276715
-31.0422	0.00278776
-30.9523	0.00277862
-30.8623	0.00278851
-30.7723	0.00277202
-30.6823	0.00277796
-30.5924	0.00276502
-30.5024	0.00278697
-30.4124	0.00278714
-30.3224	0.00279301
-30.2324	0.00277538
-30.1425	0.00277943
-30.0525	0.00279966
-29.9625	0.00278537
-29.8725	0.00279476
-29.7826	0.00278904
-29.6926	0.00278268
-29.6026	0.00279664
-29.5126	0.00280382
-29.4226	0.00280282
-29.3327	0.00279346
-29.2427	0.00279251
-29.1527	0.00279757
-29.0627	0.00281095
-28.9728	0.00280104
-28.8828	0.0028159
-28.7928	0.00280181
-28.7028	0.00279387
-28.6128	0.00280209
-28.5229	0.00280201
-28.4329	0.00280039
-28.3429	0.00280406
-28.2529	0.00280759
-28.163	0.00280199
-28.073	0.00281561
-27.983	0.00281768
-27.893	0.00281869
-27.803	0.00281211
-27.7131	0.00283238
-27.6231	0.00280919
-27.5331	0.00280921
-27.4431	0.00282169
-27.3532	0.00282709
-27.2632	0.00281282
-27.1732	0.00281667
-27.0832	0.002824
-26.9933	0.00281938
-26.9033	0.00281557
-26.8133	0.00283215
-26.7233	0.00283499
-26.6333	0.00281651
-26.5434	0.00281454
-26.4534	0.00283523
-26.3634	0.00284038
-26.2734	0.00282595
-26.1835	0.00283696
-26.0935	0.00284897
-26.0035	0.00283604
-25.9135	0.00283008
-25.8235	0.00282228
-25.7336	0.00284516
-25.6436	0.00282188
-25.5536	0.00283698
-25.4636	0.00284294
-25.3737	0.0028266
-25.2837	0.0028326
-25.1937	0.00283041
-25.1037	0.0028445
-25.0137	0.00284484
-24.9238	0.0028508
-24.8338	0.00283673
-24.7438	0.00284768
-24.6538	0.00283673
-24.5639	0.00285303
-24.4739	0.00284668
-24.3839	0.00283223
-24.2939	0.00284504
-24.2039	0.00284792
-24.114	0.00285824
-24.024	0.0028312
-23.934	0.0028555
-23.844	0.00284164
-23.7541	0.00284936
-23.6641	0.0028523
-23.5741	0.00284808
-23.4841	0.00286225
-23.3942	0.00284985
-23.3042	0.00285287
-23.2142	0.0028436
-23.1242	0.00284448
-23.0342	0.00285177
-22.9443	0.0028401
-22.8543	0.00284417
-22.7643	0.00285615
-22.6743	0.00283977
-22.5844	0.00285327
-22.4944	0.0028445
-22.4044	0.00286116
-22.3144	0.00284885
-22.2244	0.00285341
-22.1345	0.00283789
-22.0445	0.00285382
-21.9545	0.00286035
-21.8645	0.00286134
-21.7746	0.00286805
-21.6846	0.00284598
-21.5946	0.00285911
-21.5046	0.00287101
-21.4146	0.0028449
-21.3247	0.00285368
-21.2347	0.00285139
-21.1447	0.00286864
-21.0547	0.0028674
-20.9648	0.00285546
-20.8748	0.00284658
-20.7848	0.00286055
-20.6948	0.00286513
-20.6048	0.0028767
-20.5149	0.00287014
-20.4249	0.00287123
-20.3349	0.00285966
-20.2449	0.00286083
-20.155	0.00285919
-20.065	0.00286616
-19.975	0.00286663
-19.885	0.0028721
-19.7951	0.00286687
-19.7051	0.00285897
-19.6151	0.00285911
-19.5251	0.00286945
-19.4351	0.00286108
-19.3452	0.00286478
-19.2552	0.00286476
-19.1652	0.00287234
-19.0752	0.00286434
-18.9853	0.00286578
-18.8953	0.0028738
-18.8053	0.00285084
-18.7153	0.00285264
-18.6253	0.00287609
-18.5354	0.00286604
-18.4454	0.00287881
-18.3554	0.00286782
-18.2654	0.00286132
-18.1755	0.00287356
-18.0855	0.0028748
-17.9955	0.00289561
-17.9055	0.00287917
-17.8155	0.0028739
-17.7256	0.00288645
-17.6356	0.00286414
-17.5456	0.00287283
-17.4556	0.00287013
-17.3657	0.00286385
-17.2757	0.00287613
-17.1857	0.00288128
-17.0957	0.0028707
-17.0057	0.00288069
-16.9158	0.00288576
-16.8258	0.00288463
-16.7358	0.00288151
-16.6458	0.00287749
-16.5559	0.00287287
-16.4659	0.00289942
-16.3759	0.00286134
-16.2859	0.00287729
-16.196	0.00287119
-16.106	0.0028659
-16.016	0.00288041
-15.926	0.00288325
-15.836	0.00287842
-15.7461	0.00287186
-15.6561	0.00288061
-15.5661	0.00288223
-15.4761	0.00288677
-15.3862	0.00288791
-15.2962	0.00288116
-15.2062	0.00288224
-15.1162	0.002872
-15.0262	0.00286639
-14.9363	0.00288769
-14.8463	0.0028769
-14.7563	0.00287502
-14.6663	0.00287581
-14.5764	0.00287615
-14.4864	0.00288017
-14.3964	0.0028763
-14.3064	0.00287729
-14.2164	0.0028781
-14.1265	0.00289085
-14.0365	0.0028762
-13.9465	0.00288205
-13.8565	0.00288311
-13.7666	0.00288159
-13.6766	0.002881
-13.5866	0.00287109
-13.4966	0.00288933
-13.4066	0.00286748
-13.3167	0.00288487
-13.2267	0.00288856
-13.1367	0.00288428
-13.0467	0.00286945
-12.9568	0.00287855
-12.8668	0.00289275
-12.7768	0.00289318
-12.6868	0.00287642
-12.5969	0.00286782
-12.5069	0.00288361
-12.4169	0.00289399
-12.3269	0.00289344
-12.2369	0.00289612
-12.147	0.00288568
-12.057	0.00288975
-11.967	0.00287863
-11.877	0.00290025
-11.7871	0.00290123
-11.6971	0.00288815
-11.6071	0.00287968
-11.5171	0.00289061
-11.4271	0.00289115
-11.3372	0.00288234
-11.2472	0.00289144
-11.1572	0.00287753
-11.0672	0.00289326
-10.9773	0.00288913
-10.8873	0.00288673
-10.7973	0.00290248
-10.7073	0.00289158
-10.6173	0.00289121
-10.5274	0.00288627
-10.4374	0.00288931
-10.3474	0.00289468
-10.2574	0.00289166
-10.1675	0.00290366
-10.0775	0.00289626
-9.9875	0.0028841
-9.89753	0.00288426
-9.80755	0.00289279
-9.71757	0.00288149
-9.62759	0.00287709
-9.53762	0.00289575
-9.44764	0.00290009
-9.35766	0.00289054
-9.26768	0.00287421
-9.17771	0.00288438
-9.08773	0.00291337
-8.99775	0.00289549
-8.90777	0.00289042
-8.8178	0.00289511
-8.72782	0.00289616
-8.63784	0.00288418
-8.54786	0.00289965
-8.45789	0.00290427
-8.36791	0.00289026
-8.27793	0.00289357
-8.18795	0.00288965
-8.09798	0.00288584
-8.008	0.00289857
-7.91802	0.00288465
-7.82804	0.00289513
-7.73807	0.00289638
-7.64809	0.00290532
-7.55811	0.00289462
-7.46813	0.00290206
-7.37816	0.00289898
-7.28818	0.00288519
-7.1982	0.0028918
-7.10822	0.00289357
-7.01825	0.00289332
-6.92827	0.00289985
-6.83829	0.00289865
-6.74831	0.002904
-6.65834	0.00289946
-6.56836	0.00288947
-6.47838	0.00290151
-6.3884	0.00289298
-6.29843	0.00288722
-6.20845	0.00290554
-6.11847	0.00290467
-6.02849	0.00289965
-5.93852	0.00288832
-5.84854	0.00289659
-5.75856	0.00289517
-5.66858	0.00289778
-5.57861	0.00287997
-5.48863	0.00289948
-5.39865	0.00288663
-5.30867	0.00291525
-5.2187	0.00289908
-5.12872	0.00289444
-5.03874	0.00290094
-4.94876	0.0028932
-4.85879	0.00290465
-4.76881	0.00289632
-4.67883	0.00290121
-4.58885	0.00289539
-4.49888	0.00290076
-4.4089	0.00289934
-4.31892	0.00289952
-4.22894	0.0029085
-4.13897	0.00291337
-4.04899	0.00289754
-3.95901	0.0029132
-3.86903	0.00289835
-3.77906	0.00290264
-3.68908	0.00290222
-3.5991	0.00290524
-3.50912	0.00289448
-3.41915	0.00290526
-3.32917	0.00290617
-3.23919	0.0029038
-3.14921	0.00290654
-3.05924	0.00290518
-2.96926	0.0029052
-2.87928	0.00289644
-2.7893	0.00290862
-2.69933	0.0029005
-2.60935	0.00289944
-2.51937	0.00290402
-2.42939	0.00288937
-2.33942	0.00289288
-2.24944	0.00290871
-2.15946	0.00289527
-2.06948	0.00288963
-1.97951	0.00290573
-1.88953	0.00289391
-1.79955	0.00291353
-1.70957	0.00290558
-1.6196	0.00289707
-1.52962	0.00290068
-1.43964	0.00290074
-1.34966	0.00291029
-1.25969	0.00289786
-1.16971	0.00291811
-1.07973	0.00290177
-0.989753	0.00290242
-0.899775	0.00290364
-0.809798	0.00289689
-0.71982	0.00290743
-0.629843	0.00290033
-0.539865	0.00289896
-0.449888	0.00289296
-0.35991	0.002904
-0.269933	0.0029187
-0.179955	0.00290029
-0.0899775	0.00289667
0.0	0.00289661
0.0899775	0.00290587
0.179955	0.00290181
0.269933	0.00291223
0.35991	0.00290252
0.449888	0.00291363
0.539865	0.00290013
0.629843	0.00289892
0.71982	0.00290238
0.809798	0.00290822
0.899775	0.00290808
0.989753	0.00290451
1.07973	0.00290905
1.16971	0.00290072
1.25969	0.00289504
1.34966	0.00290062
1.43964	0.00290808
1.52962	0.00290007
1.6196	0.00289656
1.70957	0.00289894
1.79955	0.00290581
1.88953	0.00290052
1.97951	0.00289498
2.06948	0.00290858
2.15946	0.00290388
2.24944	0.00289529
2.33942	0.00290431
2.42939	0.0028979
2.51937	0.00289081
2.60935	0.0029053
2.69933	0.00290167
2.7893	0.00290143
2.87928	0.00289871
2.96926	0.00290439
3.05924	0.00290433
3.14921	0.00289756
3.23919	0.00289541
3.32917	0.0029009
3.41915	0.00288949
3.50912	0.00290719
3.5991	0.00291766
3.68908	0.00288299
3.77906	0.00289423
3.86903	0.00289981
3.95901	0.00290694
4.04899	0.002911
4.13897	0.0028903
4.22894	0.00290492
4.31892	0.00289738
4.4089	0.00291286
4.49888	0.00289018
4.58885	0.0029095
4.67883	0.002911
4.76881	0.00289241
4.85879	0.00289638
4.94876	0.00291189
5.03874	0.00291282
5.12872	0.00291164
5.2187	0.00290283
5.30867	0.00288761
5.39865	0.00289721
5.48863	0.00291462
5.57861	0.00290313
5.66858	0.00289673
5.75856	0.00288138
5.84854	0.0028963
5.93852	0.00289125
6.02849	0.00289322
6.11847	0.00289875
6.20845	0.00289184
6.29843	0.00289821
6.3884	0.00289304
6.47838	0.0028974
6.56836	0.00289819
6.65834	0.00289198
6.74831	0.00290637
6.83829	0.00290037
6.92827	0.00289506
7.01825	0.0029066
7.10822	0.00290579
7.1982	0.00288884
7.28818	0.00289924
7.37816	0.00288929
7.46813	0.00289296
7.55811	0.00290159
7.64809	0.00289774
7.73807	0.002896
7.82804	0.0028693
7.91802	0.00290133
8.008	0.00289316
8.09798	0.00289504
8.18795	0.00288221
8.27793	0.00288487
8.36791	0.00288957
8.45789	0.00288633
8.54786	0.0029006
8.63784	0.00291108
8.72782	0.00288902
8.8178	0.00289357
8.90777	0.00288262
8.99775	0.0028991
9.08773	0.00289081
9.17771	0.00288669
9.26768	0.00288562
9.35766	0.0028978
9.44764	0.00289511
9.53762	0.00289521
9.62759	0.00286718
9.71757	0.00290378
9.80755	0.0028976
9.89753	0.00289908
9.9875	0.00288846
10.0775	0.00289227
10.1675	0.00289399
10.2574	0.00288728
10.3474	0.00290121
10.4374	0.00288838
10.5274	0.00288327
10.6173	0.00288574
10.7073	0.00289975
10.7973	0.00287208
10.8873	0.00288905
10.9773	0.00288266
11.0672	0.00288519
11.1572	0.00288712
11.2472	0.00289255
11.3372	0.00289784
11.4271	0.00288838
11.5171	0.00287938
11.6071	0.00289229
11.6971	0.00288388
11.7871	0.00289429
11.877	0.00288905
11.967	0.00287796
12.057	0.00287182
12.147	0.00288939
12.2369	0.00288757
12.3269	0.00288927
12.4169	0.00289263
12.5069	0.00288943
12.5969	0.00287958
12.6868	0.0028732
12.7768	0.00289097
12.8668	0.00289361
12.9568	0.00287447
13.0467	0.00287486
13.1367	0.00289363
13.2267	0.00288584
13.3167	0.00289209
13.4066	0.0028875
13.4966	0.00288501
13.5866	0.00287694
13.6766	0.00288523
13.7666	0.00288071
13.8565	0.00287954
13.9465	0.00288161
14.0365	0.00287662
14.1265	0.00288355
14.2164	0.002881
14.3064	0.00288418
14.3964	0.0028748
14.4864	0.00288434
14.5764	0.00287753
14.6663	0.0028887
14.7563	0.00286726
14.8463	0.00288645
14.9363	0.00287293
15.0262	0.00288876
15.1162	0.00289328
15.2062	0.00289584
15.2962	0.00288742
15.3862	0.00287279
15.4761	0.00288639
15.5661	0.00286324
15.6561	0.00287212
15.7461	0.00288436
15.836	0.00287656
15.926	0.00285937
16.016	0.00287735
16.106	0.00288461
16.196	0.00287409
16.2859	0.00287847
16.3759	0.00288061
16.4659	0.00287084
16.5559	0.00288607
16.6458	0.00287735
16.7358	0.00287913
16.8258	0.0028748
16.9158	0.00287897
17.0057	0.00288659
17.0957	0.00287423
17.1857	0.00287172
17.2757	0.00288485
17.3657	0.00288256
17.4556	0.00286067
17.5456	0.0028798
17.6356	0.00287512
17.7256	0.00287113
17.8155	0.0028662
17.9055	0.00286855
17.9955	0.00286947
18.0855	0.00287992
18.1755	0.00287536
18.2654	0.00287287
18.3554	0.00286957
18.4454	0.00288019
18.5354	0.00285915
18.6253	0.00285972
18.7153	0.00286934
18.8053	0.00286237
18.8953	0.0028763
18.9853	0.00286926
19.0752	0.00287486
19.1652	0.0028645
19.2552	0.00286403
19.3452	0.00286353
19.4351	0.00286863
19.5251	0.00286231
19.6151	0.00287101
19.7051	0.00285777
19.7951	0.00287149
19.885	0.00287036
19.975	0.00287305
20.065	0.00287676
20.155	0.00286795
20.2449	0.00286136
20.3349	0.00286509
20.4249	0.00286551
20.5149	0.00286178
20.6048	0.0028611
20.6948	0.00286306
20.7848	0.0028646
20.8748	0.00286014
20.9648	0.00287873
21.0547	0.00285757
21.1447	0.00286444
21.2347	0.00286335
21.3247	0.00286162
21.4146	0.00287684
21.5046	0.00285412
21.5946	0.00284298
21.6846	0.00286012
21.7746	0.00285548
21.8645	0.00285972
21.9545	0.00286069
22.0445	0.00285133
22.1345	0.00284689
22.2244	0.00287324
22.3144	0.00285637
22.4044	0.00284638
22.4944	0.00284241
22.5844	0.00284393
22.6743	0.00286337
22.7643	0.00285331
22.8543	0.00284873
22.9443	0.00285072
23.0342	0.00285147
23.1242	0.00285581
23.2142	0.00285631
23.3042	0.00285236
23.3942	0.00284075
23.4841	0.00285962
23.5741	0.00284443
23.6641	0.00284127
23.7541	0.00284843
23.844	0.0028524
23.934	0.0028572
24.024	0.00284853
24.114	0.0028435
24.2039	0.00285465
24.2939	0.00284312
24.3839	0.0028506
24.4739	0.00284782
24.5639	0.00285007
24.6538	0.00283967
24.7438	0.00284733
24.8338	0.00283748
24.9238	0.0028416
25.0137	0.00283235
25.1037	0.00283507
25.1937	0.00283215
25.2837	0.00284034
25.3737	0.00283856
25.4636	0.00282583
25.5536	0.00284133
25.6436	0.0028263
25.7336	0.00283181
25.8235	0.0028253
25.9135	0.00283799
26.0035	0.00282861
26.0935	0.00282753
26.1835	0.00283323
26.2734	0.00281426
26.3634	0.00282899
26.4534	0.00282078
26.5434	0.00283643
26.6333	0.0028374
26.7233	0.00281671
26.8133	0.00283981
26.9033	0.00281075
26.9933	0.00282735
27.0832	0.0028266
27.1732	0.00281906
27.2632	0.00282325
27.3532	0.00281132
27.4431	0.00283049
27.5331	0.00282234
27.6231	0.00281474
27.7131	0.00281608
27.803	0.00282348
27.893	0.00281316
27.983	0.00282455
28.073	0.00281176
28.163	0.00282638
28.2529	0.00281841
28.3429	0.00280576
28.4329	0.0028067
28.5229	0.00281422
28.6128	0.00280984
28.7028	0.00280728
28.7928	0.00279456
28.8828	0.00280353
28.9728	0.00280631
29.0627	0.00279841
29.1527	0.00279879
29.2427	0.00280049
29.3327	0.00280025
29.4226	0.00279818
29.5126	0.00277887
29.6026	0.0028023
29.6926	0.00280311
29.7826	0.00279409
29.8725	0.002789
29.9625	0.00280084
30.0525	0.00279364
30.1425	0.0027871
30.2324	0.00279429
30.3224	0.00279079
30.4124	0.00278854
30.5024	0.0027936
30.5924	0.00280147
30.6823	0.00278547
30.7723	0.00278882
30.8623	0.00279079
30.9523	0.0027811
31.0422	0.00277571
31.1322	0.00278622
31.2222	0.00278085
31.3122	0.00278935
31.4021	0.00277467
31.4921	0.00277398
31.5821	0.00278349
31.6721	0.00277935
31.7621	0.00277494
31.852	0.00277352
31.942	0.00276636
32.032	0.00275761
32.122	0.00276581
32.2119	0.00276361
32.3019	0.00277001
32.3919	0.00276569
32.4819	0.00275842
32.5719	0.00276687
32.6618	0.00274846
32.7518	0.00276235
32.8418	0.00275584
32.9318	0.00274439
33.0217	0.00276034
33.1117	0.00275505
33.2017	0.00275051
33.2917	0.00274855
33.3817	0.00275294
33.4716	0.00274547
33.5616	0.00274802
33.6516	0.00274281
33.7416	0.00273709
33.8315	0.00274761
33.9215	0.00276026
34.0115	0.00274295
34.1015	0.00273576
34.1915	0.002745
34.2814	0.00273782
34.3714	0.00274269
34.4614	0.00273697
34.5514	0.00274147
34.6413	0.00274125
34.7313	0.00273298
34.8213	0.00274352
34.9113	0.00273035
35.0012	0.002724
35.0912	0.00274182
35.1812	0.00272349
35.2712	0.00272127
35.3612	0.00271427
35.4511	0.00272625
35.5411	0.00270426
35.6311	0.00272127
35.7211	0.00271863
35.811	0.00270272
35.901	0.00270274
35.991	0.00270276
36.081	0.00271216
36.171	0.00269528
36.2609	0.00271227
36.3509	0.00269696
36.4409	0.00269581
36.5309	0.0026985
36.6208	0.00269901
36.7108	0.00269494
36.8008	0.00269927
36.8908	0.00269536
36.9808	0.002691
37.0707	0.00270615
37.1607	0.00268565
37.2507	0.00268752
37.3407	0.00268778
37.4306	0.00268977
37.5206	0.00268675
37.6106	0.00269155
37.7006	0.00270313
37.7906	0.00267945
37.8805	0.00267856
37.9705	0.00269133
38.0605	0.00268391
38.1505	0.00268403
38.2404	0.0026727
38.3304	0.00266646
38.4204	0.00266924
38.5104	0.00266135
38.6003	0.00266486
38.6903	0.00266184
38.7803	0.00265588
38.8703	0.00266683
38.9603	0.00266312
39.0502	0.0026758
39.1402	0.00265168
39.2302	0.00266516
39.3202	0.00266279
39.4101	0.00265787
39.5001	0.00264899
39.5901	0.00266727
39.6801	0.00265239
39.7701	0.00265243
39.86	0.00264494
39.95	0.00263898
40.04	0.00265661
40.13	0.0026375
40.2199	0.00264696
40.3099	0.00262807
40.3999	0.00261883
40.4899	0.00264029
40.5799	0.00262605
40.6698	0.00262655
40.7598	0.00262594
40.8498	0.00264013
40.9398	0.00262655
41.0297	0.00263316
41.1197	0.00262671
41.2097	0.00261587
41.2997	0.00261901
41.3897	0.00262317
41.4796	0.00261295
41.5696	0.00261307
41.6596	0.00261802
41.7496	0.00261832
41.8395	0.00261253
41.9295	0.00261802
42.0195	0.00260051
42.1095	0.00259897
42.1995	0.00261441
42.2894	0.00260454
42.3794	0.00260343
42.4694	0.00260174
42.5594	0.00260795
42.6493	0.00259084
42.7393	0.00259305
42.8293	0.00258958
42.9193	0.00258897
43.0092	0.00258956
43.0992	0.00259666
43.1892	0.00258431
43.2792	0.00258946
43.3692	0.00258535
43.4591	0.00258152
43.5491	0.00258873
43.6391	0.00258067
43.7291	0.00258685
43.819	0.00258721
43.909	0.00256771
43.999	0.00258346
44.089	0.0025534
44.179	0.0025727
44.2689	0.00257349
44.3589	0.00255778
44.4489	0.00255511
44.5389	0.00255975
44.6288	0.00257256
44.7188	0.00256074
44.8088	0.00256074
44.8988	0.00256883
44.9888	0.00254834
45.0787	0.00255209
45.1687	0.00255655
45.2587	0.0025484
45.3487	0.00254374
45.4386	0.00254096
45.5286	0.00253312
45.6186	0.00254532
45.7086	0.00254252
45.7986	0.00254627
45.8885	0.00255022
45.9785	0.00253443
46.0685	0.00252914
46.1585	0.00253664
46.2484	0.0025307
46.3384	0.00253549
46.4284	0.00252728
46.5184	0.002532
46.6083	0.00252126
46.6983	0.00252716
46.7883	0.00253364
46.8783	0.00251591
46.9683	0.00252175
47.0582	0.00250863
47.1482	0.0025232
47.2382	0.00252493
47.3282	0.00251309
47.4181	0.00252446
47.5081	0.00252016
47.5981	0.00251291
47.6881	0.00250361
47.7781	0.00251832
47.868	0.00251027
47.958	0.00251388
48.048	0.00250821
48.138	0.00250648
48.2279	0.0025003
48.3179	0.00249345
48.4079	0.00250298
48.4979	0.00250233
48.5879	0.00248652
48.6778	0.00250156
48.7678	0.00248926
48.8578	0.00248617
48.9478	0.00248948
49.0377	0.0024864
49.1277	0.00249073
49.2177	0.00250107
49.3077	0.00249783
49.3977	0.00247401
49.4876	0.00248634
49.5776	0.00248194
49.6676	0.00247608
49.7576	0.00247363
49.8475	0.0024741
49.9375	0.00247932
50.0275	0.00247383
50.1175	0.00248261
50.2074	0.00247264
50.2974	0.00247264
50.3874	0.00245816
50.4774	0.00247185
50.5674	0.00246477
50.6573	0.0024653
50.7473	0.00247691
50.8373	0.00245614
50.9273	0.00246771
51.0172	0.00246013
51.1072	0.00246372
51.1972	0.00246179
51.2872	0.00245997
51.3772	0.0024593
51.4671	0.00245723
51.5571	0.00244783
51.6471	0.00245048
51.7371	0.00245985
51.827	0.00245571
51.917	0.00245741
52.007	0.00245052
52.097	0.00243986
52.187	0.00245249
52.2769	0.00245889
52.3669	0.00244507
52.4569	0.00245046
52.5469	0.00244529
52.6368	0.00244045
52.7268	0.0024531
52.8168	0.00243386
52.9068	0.00243248
52.9968	0.00244608
53.0867	0.00243141
53.1767	0.00244556
53.2667	0.00243917
53.3567	0.0024291
53.4466	0.00243246
53.5366	0.0024289
53.6266	0.00243816
53.7166	0.00242509
53.8065	0.00242298
53.8965	0.00242393
53.9865	0.00243449
54.0765	0.00242282
54.1665	0.0024197
54.2564	0.00242594
54.3464	0.00240419
54.4364	0.00242
54.5264	0.00242675
54.6163	0.00242253
54.7063	0.00241702
54.7963	0.00242261
54.8863	0.00241416
54.9763	0.00242517
55.0662	0.00241597
55.1562	0.00240999
55.2462	0.00241939
55.3362	0.00241607
55.4261	0.00242178
55.5161	0.0024212
55.6061	0.00242442
55.6961	0.00240638
55.7861	0.00240642
55.876	0.00241268
55.966	0.0024076
56.056	0.00240445
56.146	0.00240533
56.2359	0.00241441
56.3259	0.00240468
56.4159	0.00240046
56.5059	0.0024137
56.5959	0.00240928
56.6858	0.00240869
56.7758	0.00239223
56.8658	0.00239436
56.9558	0.00240289
57.0457	0.00240222
57.1357	0.00240364
57.2257	0.00241155
57.3157	0.00240729
57.4056	0.00239397
57.4956	0.00239657
57.5856	0.00239568
57.6756	0.00241755
57.7656	0.00239594
57.8555	0.00239215
57.9455	0.00240208
58.0355	0.00240648
58.1255	0.00238727
58.2154	0.00239466
58.3054	0.00239087
58.3954	0.00238621
58.4854	0.00239053
58.5754	0.00239412
58.6653	0.00239701
58.7553	0.00239552
58.8453	0.00238846
58.9353	0.00238522
59.0252	0.00238072
59.1152	0.00239055
59.2052	0.00238725
59.2952	0.00238666
59.3852	0.00239736
59.4751	0.00240058
59.5651	0.00238783
59.6551	0.00239181
59.7451	0.00237983
59.835	0.00239602
59.925	0.00238976
60.015	0.00238641
60.105	0.00238078
60.195	0.00238398
60.2849	0.00238212
60.3749	0.00239764
60.4649	0.00238435
60.5549	0.00238846
60.6448	0.00238465
60.7348	0.00238585
60.8248	0.00238416
60.9148	0.0023931
61.0047	0.00238271
61.0947	0.00238396
61.1847	0.0023853
61.2747	0.00237798
61.3647	0.00238696
61.4546	0.00237241
61.5446	0.00238171
61.6346	0.00237296
61.7246	0.00238627
61.8145	0.00238852
61.9045	0.00238802
61.9945	0.00238814
62.0845	0.00238313
62.1745	0.0023835
62.2644	0.00237498
62.3544	0.00237999
62.4444	0.00238052
62.5344	0.002379
62.6243	0.00238155
62.7143	0.00236844
62.8043	0.00238712
62.8943	0.00237865
62.9843	0.00238305
63.0742	0.00238992
63.1642	0.00238631
63.2542	0.0023674
63.3442	0.0023761
63.4341	0.00238536
63.5241	0.00238627
63.6141	0.00238544
63.7041	0.00238329
63.7941	0.00238601
63.884	0.00237511
63.974	0.00238868
64.064	0.00237916
64.154	0.00237837
64.2439	0.00237849
64.3339	0.00238455
64.4239	0.00236724
64.5139	0.00238923
64.6038	0.00237436
64.6938	0.0023699
64.7838	0.00237999
64.8738	0.00238909
64.9638	0.00237393
65.0537	0.00237492
65.1437	0.00237478
65.2337	0.00237602
65.3237	0.00237592
65.4136	0.00237397
65.5036	0.00238477
65.5936	0.00237861
65.6836	0.00237281
65.7736	0.00237669
65.8635	0.00237841
65.9535	0.00239203
66.0435	0.0023705
66.1335	0.0023781
66.2234	0.00237602
66.3134	0.00239006
66.4034	0.0023688
66.4934	0.00238427
66.5834	0.00236607
66.6733	0.00237823
66.7633	0.00237865
66.8533	0.00237371
66.9433	0.00238287
67.0332	0.00238137
67.1232	0.00237859
67.2132	0.00237967
67.3032	0.0023668
67.3932	0.00239568
67.4831	0.00237778
67.5731	0.00238346
67.6631	0.00238631
67.7531	0.00238082
67.843	0.0023882
67.933	0.00238824
68.023	0.00238234
68.113	0.00237028
68.2029	0.00238767
68.2929	0.00237958
68.3829	0.00238277
68.4729	0.00237265
68.5629	0.00238412
68.6528	0.0023718
68.7428	0.00238029
68.8328	0.00237383
68.9228	0.00238491
69.0127	0.00237202
69.1027	0.00236566
69.1927	0.00238483
69.2827	0.00238058
69.3727	0.00238554
69.4626	0.00239039
69.5526	0.00237594
69.6426	0.00238412
69.7326	0.00237213
69.8225	0.00237808
69.9125	0.00238169
70.0025	0.00238072
70.0925	0.00237776
70.1825	0.00237
70.2724	0.00239292
70.3624	0.0023733
70.4524	0.00237782
70.5424	0.00238692
70.6323	0.00237196
70.7223	0.0023821
70.8123	0.00237099
70.9023	0.00238157
70.9923	0.00238155
71.0822	0.00237774
71.1722	0.00238607
71.2622	0.00239292
71.3522	0.00238208
71.4421	0.00238287
71.5321	0.00238556
71.6221	0.00238366
71.7121	0.00237241
71.802	0.00237608
71.892	0.00237095
71.982	0.00236982
72.072	0.00236825
72.162	0.00237164
72.2519	0.00238414
72.3419	0.00236753
72.4319	0.00237369
72.5219	0.00237134
72.6118	0.00236023
72.7018	0.00237286
72.7918	0.00237034
72.8818	0.00236574
72.9718	0.0023702
73.0617	0.00237999
73.1517	0.00236406
73.2417	0.00237209
73.3317	0.00237356
73.4216	0.00236619
73.5116	0.00237827
73.6016	0.00236238
73.6916	0.00236467
73.7816	0.00235964
73.8715	0.00237107
73.9615	0.00236698
74.0515	0.00237
74.1415	0.00235569
74.2314	0.00236416
74.3214	0.00235804
74.4114	0.00235615
74.5014	0.0023653
74.5914	0.00237502
74.6813	0.00237525
74.7713	0.00236031
74.8613	0.00236911
74.9513	0.00235723
75.0412	0.00236301
75.1312	0.00235816
75.2212	0.00235609
75.3112	0.00235893
75.4011	0.002363
75.4911	0.00235763
75.5811	0.00236927
75.6711	0.00234075
75.7611	0.00235403
75.851	0.0023507
75.941	0.00234857
76.031	0.00235283
76.121	0.00234521
76.2109	0.00234257
76.3009	0.00234231
76.3909	0.00234799
76.4809	0.00235212
76.5709	0.00234572
76.6608	0.00236138
76.7508	0.00234024
76.8408	0.00235022
76.9308	0.00234101
77.0207	0.00234049
77.1107	0.00234203
77.2007	0.00233806
77.2907	0.00235145
77.3807	0.00234124
77.4706	0.00234598
77.5606	0.00233457
77.6506	0.00235123
77.7406	0.00234326
77.8305	0.00234866
77.9205	0.00235101
78.0105	0.00233459
78.1005	0.00232229
78.1905	0.00234324
78.2804	0.00233027
78.3704	0.0023355
78.4604	0.00233086
78.5504	0.00233279
78.6403	0.00233503
78.7303	0.00232111
78.8203	0.00233497
78.9103	0.00233459
79.0002	0.00232012
79.0902	0.00232598
79.1802	0.00232172
79.2702	0.00232883
79.3602	0.00232547
79.4501	0.00231341
79.5401	0.00232348
79.6301	0.00232446
79.7201	0.00233327
79.81	0.00233528
79.9	0.00232549
79.99	0.00230621
80.08	0.00231728
80.17	0.00231063
80.2599	0.00232026
80.3499	0.00232328
80.4399	0.00232279
80.5299	0.0023084
80.6198	0.00230966
80.7098	0.00231442
80.7998	0.00232087
80.8898	0.00231673
80.9798	0.00231071
81.0697	0.00231233
81.1597	0.00230461
81.2497	0.00229122
81.3397	0.00229176
81.4296	0.00229926
81.5196	0.00228862
81.6096	0.00229111
81.6996	0.00229744
81.7896	0.00228929
81.8795	0.00229543
81.9695	0.00228818
82.0595	0.00230159
82.1495	0.00230076
82.2394	0.00229829
82.3294	0.00230678
82.4194	0.00229156
82.5094	0.00229602
82.5994	0.00228181
82.6893	0.0022797
82.7793	0.00227832
82.8693	0.00229367
82.9593	0.00229158
83.0492	0.00228418
83.1392	0.00227741
83.2292	0.00228195
83.3192	0.00228528
83.4091	0.00227948
83.4991	0.0022854
83.5891	0.00227628
83.6791	0.00228351
83.7691	0.00228141
83.859	0.0022798
83.949	0.00227455
84.039	0.00226704
84.129	0.00226886
84.2189	0.00229103
84.3089	0.00226813
84.3989	0.00226811
84.4889	0.00226874
84.5789	0.00225842
84.6688	0.00226051
84.7588	0.00225915
84.8488	0.00226468
84.9388	0.00225595
85.0287	0.00225412
85.1187	0.00225412
85.2087	0.00226479
85.2987	0.00224962
85.3887	0.00225058
85.4786	0.00224788
85.5686	0.0022509
85.6586	0.00225129
85.7486	0.00223554
85.8385	0.00225072
85.9285	0.00224583
86.0185	0.00225096
86.1085	0.0022519
86.1985	0.0022524
86.2884	0.0022474
86.3784	0.00223645
86.4684	0.00224275
86.5584	0.00223787
86.6483	0.002237
86.7383	0.00223884
86.8283	0.00224579
86.9183	0.00223726
87.0082	0.00222538
87.0982	0.0022372
87.1882	0.00223309
87.2782	0.00222761
87.3682	0.00222911
87.4581	0.00222794
87.5481	0.00223904
87.6381	0.0022357
87.7281	0.00221876
87.818	0.00222694
87.908	0.00221296
87.998	0.00223329
88.088	0.00222518
88.178	0.0022191
88.2679	0.00222318
88.3579	0.00221932
88.4479	0.00221294
88.5379	0.00221489
88.6278	0.00221991
88.7178	0.00221377
88.8078	0.00221369
88.8978	0.00220949
88.9878	0.00220777
89.0777	0.00221326
89.1677	0.00221166
89.2577	0.00220445
89.3477	0.00221335
89.4376	0.00221452
89.5276	0.00221059
89.6176	0.00220242
89.7076	0.00220408
89.7976	0.00221284
89.8875	0.00220116
89.9775	0.00221122
90.0675	0.00219877
90.1575	0.00220621
90.2474	0.00220428
90.3374	0.00219225
90.4274	0.00219206
90.5174	0.0022012
90.6073	0.00218981
90.6973	0.0022023
90.7873	0.00219632
90.8773	0.0021845
90.9673	0.00219597
91.0572	0.00219328
91.1472	0.00218282
91.2372	0.00219743
91.3272	0.00218612
91.4171	0.00220171
91.5071	0.002195
91.5971	0.00219727
91.6871	0.00218219
91.7771	0.00219178
91.867	0.00219298
91.957	0.00219028
92.047	0.0021876
92.137	0.00218217
92.2269	0.00218292
92.3169	0.00216711
92.4069	0.00217609
92.4969	0.0021658
92.5869	0.00217482
92.6768	0.00217548
92.7668	0.00219439
92.8568	0.00218793
92.9468	0.00219036
93.0367	0.00217046
93.1267	0.00218483
93.2167	0.00217958
93.3067	0.00218651
93.3967	0.00218312
93.4866	0.00217567
93.5766	0.0021597
93.6666	0.00217905
93.7566	0.00217676
93.8465	0.00216304
93.9365	0.0021708
94.0265	0.00216875
94.1165	0.00217084
94.2064	0.00215763
94.2964	0.00216077
94.3864	0.00216638
94.4764	0.00217713
94.5664	0.00216805
94.6563	0.00215603
94.7463	0.0021602
94.8363	0.00217094
94.9263	0.00216675
95.0162	0.00216474
95.1062	0.00215345
95.1962	0.00216349
95.2862	0.0021603
95.3762	0.00214982
95.4661	0.00216574
95.5561	0.00216871
95.6461	0.00216717
95.7361	0.00215781
95.826	0.00215599
95.916	0.00215913
96.006	0.0021527
96.096	0.002168
96.186	0.00216999
96.2759	0.00215447
96.3659	0.00216882
96.4559	0.00217042
96.5459	0.0021569
96.6358	0.00215564
96.7258	0.00216249
96.8158	0.00216349
96.9058	0.00215645
96.9958	0.00215447
97.0857	0.00215706
97.1757	0.00215588
97.2657	0.00215445
97.3557	0.00215274
97.4456	0.0021555
97.5356	0.00215047
97.6256	0.00216122
97.7156	0.00215601
97.8055	0.00215582
97.8955	0.00214458
97.9855	0.00215183
98.0755	0.00215364
98.1655	0.00214922
98.2554	0.00214924
98.3454	0.00215493
98.4354	0.00214867
98.5254	0.00216245
98.6153	0.00215021
98.7053	0.00215033
98.7953	0.0021538
98.8853	0.00215787
98.9753	0.00214149
99.0652	0.00215911
99.1552	0.00216182
99.2452	0.00216424
99.3352	0.00214932
99.4251	0.00214395
99.5151	0.00216288
99.6051	0.00215232
99.6951	0.00216067
99.7851	0.00215724
99.875	0.00213987
99.965	0.00214885
100.055	0.00214486
100.145	0.00215057
100.235	0.00215357
100.325	0.0021464
100.415	0.00214826
100.505	0.00214707
100.595	0.0021569
100.685	0.00215017
100.775	0.00216154
100.865	0.00215039
100.955	0.00216065
101.045	0.00216565
101.135	0.00215214
101.225	0.00214916
101.315	0.00216823
101.405	0.00216346
101.495	0.00215501
101.585	0.00215609
101.675	0.00215497
101.765	0.00215769
101.855	0.00215817
101.945	0.00216176
102.034	0.0021604
102.124	0.00215232
102.214	0.0021543
102.304	0.00216328
102.394	0.002172
102.484	0.00216709
102.574	0.00215635
102.664	0.00216847
102.754	0.00215854
102.844	0.0021552
102.934	0.0021664
103.024	0.0021769
103.114	0.0021633
103.204	0.00216559
103.294	0.00217068
103.384	0.00217435
103.474	0.0021615
103.564	0.00217275
103.654	0.00216762
103.744	0.00216784
103.834	0.00216503
103.924	0.00216894
104.014	0.00216211
104.104	0.00217277
104.194	0.00218085
104.284	0.002187
104.374	0.00217931
104.464	0.00217222
104.554	0.00218207
104.644	0.00217275
104.734	0.0021861
104.824	0.00218355
104.914	0.00218165
105.004	0.00218102
105.094	0.00218965
105.184	0.0021906
105.274	0.00218663
105.364	0.00217745
105.454	0.00218791
105.544	0.00218317
105.634	0.00219804
105.724	0.00220351
105.814	0.00220202
105.904	0.00219518
105.994	0.00220214
106.083	0.00221166
106.173	0.00220457
106.263	0.00221339
106.353	0.00219083
106.443	0.00219273
106.533	0.00222086
106.623	0.00220491
106.713	0.00221043
106.803	0.00222366
106.893	0.00222086
106.983	0.00220532
107.073	0.00222074
107.163	0.00221397
107.253	0.0022127
107.343	0.0022101
107.433	0.00222283
107.523	0.00222472
107.613	0.0022251
107.703	0.0022116
107.793	0.00222103
107.883	0.00222121
107.973	0.00222311
108.063	0.00221989
108.153	0.00223451
108.243	0.0022309
108.333	0.00224024
108.423	0.00223568
108.513	0.00224069
108.603	0.00224332
108.693	0.00224448
108.783	0.0022493
108.873	0.00224506
108.963	0.00223805
109.053	0.00224861
109.143	0.00225258
109.233	0.00225238
109.323	0.0022643
109.413	0.00227362
109.503	0.00226479
109.593	0.00226375
109.683	0.00226854
109.773	0.00225492
109.863	0.00227535
109.953	0.00228155
110.042	0.00227628
110.132	0.00228238
110.222	0.00228027
110.312	0.00228599
110.402	0.00228556
110.492	0.00228615
110.582	0.00227652
110.672	0.00228414
110.762	0.00229541
110.852	0.00229726
110.942	0.00228426
111.032	0.00230084
111.122	0.00228996
111.212	0.00229322
111.302	0.00231221
111.392	0.0023023
111.482	0.00230291
111.572	0.00230603
111.662	0.00232048
111.752	0.00231438
111.842	0.00231783
111.932	0.002326
112.022	0.00231627
112.112	0.00233623
112.202	0.00231961
112.292	0.00232206
112.382	0.00232944
112.472	0.00233033
112.562	0.00233145
112.652	0.00233185
112.742	0.00233467
112.832	0.00233062
112.922	0.00234468
113.012	0.00233228
113.102	0.00234081
113.192	0.0023415
113.282	0.00235719
113.372	0.00234752
113.462	0.00235172
113.552	0.00235111
113.642	0.00236408
113.732	0.00235174
113.822	0.00235056
113.912	0.00235228
114.001	0.00235482
114.091	0.00237648
114.181	0.0023705
114.271	0.00237322
114.361	0.00237308
114.451	0.00237399
114.541	0.00237411
114.631	0.00237192
114.721	0.00237888
114.811	0.0023805
114.901	0.00237608
114.991	0.00239959
115.081	0.00239258
115.171	0.00238712
115.261	0.00239331
115.351	0.00238814
115.441	0.00239558
115.531	0.00239576
115.621	0.00239837
115.711	0.00240269
115.801	0.00241159
115.891	0.0024097
115.981	0.00241769
116.071	0.00240565
116.161	0.00242612
116.251	0.0024197
116.341	0.00241321
116.431	0.00242521
116.521	0.00242713
116.611	0.00241988
116.701	0.00242653
116.791	0.00243824
116.881	0.00243338
116.971	0.00242691
117.061	0.00243449
117.151	0.00244233
117.241	0.00243137
117.331	0.00244973
117.421	0.00244817
117.511	0.00245788
117.601	0.00244809
117.691	0.00244653
117.781	0.00244795
117.871	0.00244947
117.961	0.00246688
118.05	0.0024685
118.14	0.00247399
118.23	0.00247711
118.32	0.00247205
118.41	0.00247456
118.5	0.00247748
118.59	0.00250081
118.68	0.00249193
118.77	0.00248958
118.86	0.00250373
118.95	0.00249037
119.04	0.0024896
119.13	0.00249898
119.22	0.00249925
119.31	0.00248776
119.4	0.00250776
119.49	0.00248832
119.58	0.0025049
119.67	0.0025134
119.76	0.00251295
119.85	0.0025134
119.94	0.00251832
120.03	0.00252347
120.12	0.00253156
120.21	0.0025215
120.3	0.0025395
120.39	0.00253589
120.48	0.0025397
120.57	0.00254765
120.66	0.00253305
120.75	0.0025694
120.84	0.00255233
120.93	0.00254428
121.02	0.00254907
121.11	0.0025667
121.2	0.00256222
121.29	0.00255535
121.38	0.00256569
121.47	0.00257846
121.56	0.00257181
121.65	0.00258845
121.74	0.00257635
121.83	0.00257892
121.92	0.00258812
122.009	0.00258999
122.099	0.00258979
122.189	0.00259574
122.279	0.00259473
122.369	0.00260152
122.459	0.00260677
122.549	0.00262902
122.639	0.00261315
122.729	0.00261885
122.819	0.00264066
122.909	0.00263245
122.999	0.00263209
123.089	0.0026239
123.179	0.00263245
123.269	0.00265045
123.359	0.00263671
123.449	0.00265203
123.539	0.00265827
123.629	0.00264437
123.719	0.00264731
123.809	0.00266837
123.899	0.00266123
123.989	0.00267074
124.079	0.00267526
124.169	0.00267674
124.259	0.00269814
124.349	0.00268452
124.439	0.00268766
124.529	0.00269328
124.619	0.00270122
124.709	0.00268951
124.799	0.00270013
124.889	0.00272574
124.979	0.00271656
125.069	0.00271794
125.159	0.00274058
125.249	0.00273197
125.339	0.00273114
125.429	0.0027418
125.519	0.00275203
125.609	0.00273612
125.699	0.0027436
125.789	0.00275607
125.879	0.00274871
125.969	0.00276431
126.058	0.00276429
126.148	0.00274644
126.238	0.00276719
126.328	0.00278927
126.418	0.0027918
126.508	0.00280118
126.598	0.00279176
126.688	0.00279261
126.778	0.00280282
126.868	0.00280736
126.958	0.00280813
127.048	0.00281975
127.138	0.00282453
127.228	0.00283152
127.318	0.00282672
127.408	0.00283886
127.498	0.00285366
127.588	0.00285838
127.678	0.00284973
127.768	0.00286689
127.858	0.00285672
127.948	0.00286379
128.038	0.00288124
128.128	0.00287913
128.218	0.00289057
128.308	0.00288534
128.398	0.00288969
128.488	0.0028874
128.578	0.00290113
128.668	0.0028949
128.758	0.0029341
128.848	0.00292757
128.938	0.00292182
129.028	0.00293372
129.118	0.0029355
129.208	0.00293116
129.298	0.0029462
129.388	0.00294973
129.478	0.00296152
129.568	0.00296623
129.658	0.00296584
129.748	0.00296951
129.838	0.00296461
129.928	0.00298341
130.017	0.0029929
130.107	0.00299687
130.197	0.00300295
130.287	0.00301118
130.377	0.00301329
130.467	0.00301418
130.557	0.00301907
130.647	0.00303733
130.737	0.00303617
130.827	0.00302561
130.917	0.00305362
131.007	0.00305334
131.097	0.00305855
131.187	0.00305585
131.277	0.00305912
131.367	0.00306866
131.457	0.0030788
131.547	0.0030855
131.637	0.00309341
131.727	0.00308409
131.817	0.00310267
131.907	0.00311485
131.997	0.00311453
132.087	0.00311964
132.177	0.00312357
132.267	0.00312673
132.357	0.00312945
132.447	0.00314526
132.537	0.00314147
132.627	0.00314878
132.717	0.00317391
132.807	0.00316787
132.897	0.0031775
132.987	0.00317967
133.077	0.00318429
133.167	0.00317959
133.257	0.00318437
133.347	0.00318792
133.437	0.00319333
133.527	0.00320776
133.617	0.00320118
133.707	0.00322635
133.797	0.00320861
133.887	0.00322752
133.977	0.00321865
134.066	0.00322675
134.156	0.00322556
134.246	0.00324025
134.336	0.00326972
134.426	0.00324611
134.516	0.00324757
134.606	0.00325539
134.696	0.00328164
134.786	0.00324911
134.876	0.00328924
134.966	0.00327801
135.056	0.00330217
135.146	0.00330418
135.236	0.00331674
135.326	0.00330187
135.416	0.00330533
135.506	0.00332586
135.596	0.00332911
135.686	0.00333762
135.776	0.00333859
135.866	0.0033377
135.956	0.00334407
136.046	0.00335783
136.136	0.00335548
136.226	0.00336671
136.316	0.00336172
136.406	0.0033711
136.496	0.00336746
136.586	0.0033705
136.676	0.00338588
136.766	0.0033786
136.856	0.00339103
136.946	0.00339271
137.036	0.00339812
137.126	0.00341537
137.216	0.0034239
137.306	0.00341596
137.396	0.00342181
137.486	0.0034317
137.576	0.0034476
137.666	0.0034422
137.756	0.0034406
137.846	0.00345461
137.936	0.00346365
138.025	0.00344322
138.115	0.00345248
138.205	0.00346685
138.295	0.00346991
138.385	0.00347336
138.475	0.00348256
138.565	0.00348169
138.655	0.00349052
138.745	0.00348821
138.835	0.00348829
138.925	0.00350218
139.015	0.00351075
139.105	0.00348908
139.195	0.00350848
139.285	0.0035252
139.375	0.00352028
139.465	0.00352048
139.555	0.00352948
139.645	0.00353221
139.735	0.00353761
139.825	0.0035489
139.915	0.00352875
140.005	0.00353939
140.095	0.00355457
140.185	0.00355619
140.275	0.00355911
140.365	0.0035524
140.455	0.00356637
140.545	0.0035629
140.635	0.00358112
140.725	0.00356584
140.815	0.00358126
140.905	0.0035927
140.995	0.00359636
141.085	0.00359545
141.175	0.00358424
141.265	0.00358686
141.355	0.00359634
141.445	0.00360769
141.535	0.00360741
141.625	0.00360559
141.715	0.00360062
141.805	0.003623
141.895	0.00362591
141.985	0.0036188
142.074	0.00361315
142.164	0.00362231
142.254	0.00363789
142.344	0.00362233
142.434	0.00362585
142.524	0.00363153
142.614	0.00365188
142.704	0.00363895
142.794	0.003632
142.884	0.00365739
142.974	0.00365022
143.064	0.00364641
143.154	0.00364634
143.244	0.00365066
143.334	0.00366114
143.424	0.00365609
143.514	0.0036669
143.604	0.00367196
143.694	0.00367709
143.784	0.00367798
143.874	0.00366594
143.964	0.00366868
144.054	0.00368315
144.144	0.00367081
144.234	0.00367733
144.324	0.00367531
144.414	0.00369975
144.504	0.00368451
144.594	0.00369142
144.684	0.00367454
144.774	0.0036808
144.864	0.00369604
144.954	0.00370577
145.044	0.00370498
145.134	0.00369491
145.224	0.00369162
145.314	0.00369781
145.404	0.00370567
145.494	0.00368295
145.584	0.00370312
145.674	0.00371147
145.764	0.0036945
145.854	0.00370912
145.944	0.00371651
146.033	0.00370828
146.123	0.00370814
146.213	0.00370524
146.303	0.00371305
146.393	0.00370036
146.483	0.00371678
146.573	0.00370474
146.663	0.0037187
146.753	0.00370437
146.843	0.00370056
146.933	0.00371165
147.023	0.00372663
147.113	0.00371641
147.203	0.00371033
147.293	0.00373157
147.383	0.00371907
147.473	0.0037216
147.563	0.00372505
147.653	0.0037081
147.743	0.00373593
147.833	0.0037335
147.923	0.00373427
148.013	0.00370399
148.103	0.00372138
148.193	0.00372065
148.283	0.00372055
148.373	0.00372075
148.463	0.00371712
148.553	0.003741
148.643	0.00372201
148.733	0.00370804
148.823	0.00372276
148.913	0.00371441
149.003	0.00372087
149.093	0.0037288
149.183	0.00373078
149.273	0.00370409
149.363	0.00371923
149.453	0.00372075
149.543	0.00373115
149.633	0.0037215
149.723	0.00373536
149.813	0.00372324
149.903	0.0037199
149.993	0.00371082
150.082	0.00372243
150.172	0.00371035
150.262	0.00370816
150.352	0.00371341
150.442	0.00370374
150.532	0.00371588
150.622	0.00371844
150.712	0.00370676
150.802	0.0037098
150.892	0.00370435
150.982	0.00370413
151.072	0.00371428
151.162	0.00370111
151.252	0.00371988
151.342	0.00371696
151.432	0.00370739
151.522	0.00370338
151.612	0.00372043
151.702	0.00370822
151.792	0.00369031
151.882	0.00370601
151.972	0.003702
152.062	0.00370413
152.152	0.00369935
152.242	0.00369396
152.332	0.00368806
152.422	0.00369483
152.512	0.00367995
152.602	0.00369065
152.692	0.00369766
152.782	0.00369746
152.872	0.00369359
152.962	0.00368463
153.052	0.00368686
153.142	0.00368684
153.232	0.00368181
153.322	0.00367551
153.412	0.00367521
153.502	0.00369185
153.592	0.00366765
153.682	0.00366288
153.772	0.00366874
153.862	0.00366396
153.952	0.00366789
154.041	0.00364316
154.131	0.00366748
154.221	0.00368654
154.311	0.00367046
154.401	0.00367119
154.491	0.003649
154.581	0.00365591
154.671	0.00366467
154.761	0.00364819
154.851	0.00365869
154.941	0.00365356
155.031	0.0036352
155.121	0.00365153
155.211	0.00363534
155.301	0.00364943
155.391	0.00364288
155.481	0.00363177
155.571	0.00362427
155.661	0.00363392
155.751	0.00362983
155.841	0.00362348
155.931	0.00362036
156.021	0.00361925
156.111	0.00361112
156.201	0.00360419
156.291	0.0036115
156.381	0.00360498
156.471	0.00362093
156.561	0.00362251
156.651	0.00362127
156.741	0.00361246
156.831	0.00360506
156.921	0.00359728
157.011	0.00360358
157.101	0.00359182
157.191	0.00360743
157.281	0.00359178
157.371	0.00358337
157.461	0.00358076
157.551	0.00357918
157.641	0.00358641
157.731	0.00357983
157.821	0.00356292
157.911	0.00356286
158.0	0.00356375
158.09	0.0035857
158.18	0.00356852
158.27	0.00355759
158.36	0.00355893
158.45	0.00355293
158.54	0.00356635
158.63	0.0035556
158.72	0.00355534
158.81	0.00353894
158.9	0.00353613
158.99	0.00354985
159.08	0.00355015
159.17	0.00352567
159.26	0.0035252
159.35	0.00353574
159.44	0.00353149
159.53	0.00353963
159.62	0.00352141
159.71	0.00353088
159.8	0.00351547
159.89	0.00352474
159.98	0.00352792
160.07	0.00352046
160.16	0.00351934
160.25	0.00351308
160.34	0.00349756
160.43	0.00350497
160.52	0.00350141
160.61	0.00349344
160.7	0.00348957
160.79	0.00349671
160.88	0.00350735
160.97	0.0034842
161.06	0.00348848
161.15	0.00348511
161.24	0.00349229
161.33	0.00348985
161.42	0.00347498
161.51	0.00346223
161.6	0.00346233
161.69	0.00346908
161.78	0.00346659
161.87	0.00348487
161.96	0.00345909
162.049	0.00346592
162.139	0.00346604
162.229	0.003454
162.319	0.00345135
162.409	0.00345291
162.499	0.00344085
162.589	0.00345522
162.679	0.0034315
162.769	0.00343592
162.859	0.00343691
162.949	0.00343325
163.039	0.00343448
163.129	0.00342968
163.219	0.00341109
163.309	0.00342976
163.399	0.00343045
163.489	0.0034174
163.579	0.00341336
163.669	0.00341539
163.759	0.00340371
163.849	0.00341267
163.939	0.0034132
164.029	0.00341843
164.119	0.003398
164.209	0.00340898
164.299	0.00340357
164.389	0.00340059
164.479	0.0033967
164.569	0.00339409
164.659	0.00339129
164.749	0.00338784
164.839	0.0033933
164.929	0.00338531
165.019	0.00339066
165.109	0.00338604
165.199	0.00338373
165.289	0.00336443
165.379	0.00335779
165.469	0.00337718
165.559	0.00336652
165.649	0.00336283
165.739	0.00336141
165.829	0.00337694
165.919	0.0033526
166.008	0.00336324
166.098	0.00334802
166.188	0.00335177
166.278	0.0033528
166.368	0.00334607
166.458	0.00334084
166.548	0.00334575
166.638	0.00334429
166.728	0.00334636
166.818	0.00334048
166.908	0.00332473
166.998	0.0033375
167.088	0.00333456
167.178	0.00333786
167.268	0.00333353
167.358	0.00333308
167.448	0.00332428
167.538	0.00332548
167.628	0.00332238
167.718	0.00333677
167.808	0.00331835
167.898	0.00332787
167.988	0.00331837
168.078	0.0033255
168.168	0.00330736
168.258	0.00330722
168.348	0.00331184
168.438	0.00329299
168.528	0.00329579
168.618	0.00330286
168.708	0.0033042
168.798	0.00330939
168.888	0.0033047
168.978	0.00331713
169.068	0.00331192
169.158	0.0033013
169.248	0.00329425
169.338	0.00329887
169.428	0.0032894
169.518	0.00328359
169.608	0.00329974
169.698	0.00327179
169.788	0.00327167
169.878	0.00328127
169.968	0.00326982
170.057	0.00326577
170.147	0.00326999
170.237	0.00327793
170.327	0.00326863
170.417	0.00325168
170.507	0.00327221
170.597	0.00327374
170.687	0.00326182
170.777	0.00325943
170.867	0.00326214
170.957	0.00324779
171.047	0.00326932
171.137	0.00325381
171.227	0.00324773
171.317	0.00326861
171.407	0.00325566
171.497	0.00323823
171.587	0.00326409
171.677	0.00325501
171.767	0.00324921
171.857	0.0032483
171.947	0.00324761
172.037	0.00323859
172.127	0.00323614
172.217	0.00324137
172.307	0.00324167
172.397	0.00324287
172.487	0.00322748
172.577	0.00322953
172.667	0.0032317
172.757	0.00323247
172.847	0.0032377
172.937	0.00323233
173.027	0.00323689
173.117	0.00324866
173.207	0.00323087
173.297	0.00321998
173.387	0.00322842
173.477	0.0032214
173.567	0.00323036
173.657	0.00321542
173.747	0.00323314
173.837	0.00322317
173.927	0.00321052
174.016	0.00322217
174.106	0.00320719
174.196	0.00322321
174.286	0.00322955
174.376	0.00320476
174.466	0.00321216
174.556	0.00322177
174.646	0.00321473
174.736	0.0032104
174.826	0.0032062
174.916	0.00320624
175.006	0.00320841
175.096	0.00320107
175.186	0.003197
175.276	0.00320391
175.366	0.00319522
175.456	0.00321403
175.546	0.00319493
175.636	0.0032058
175.726	0.00320353
175.816	0.00320122
175.906	0.00320908
175.996	0.00320383
176.086	0.00319544
176.176	0.0032029
176.266	0.00320754
176.356	0.00319574
176.446	0.00320071
176.536	0.00318814
176.626	0.00319588
176.716	0.00320387
176.806	0.00318782
176.896	0.00319854
176.986	0.00318962
177.076	0.0031865
177.166	0.00319976
177.256	0.00319248
177.346	0.0031755
177.436	0.00319201
177.526	0.00319392
177.616	0.00320436
177.706	0.00320245
177.796	0.00319394
177.886	0.0031807
177.976	0.00319668
178.065	0.00319933
178.155	0.0031877
178.245	0.00318289
178.335	0.00318861
178.425	0.00319287
178.515	0.00317527
178.605	0.00317779
178.695	0.00319031
178.785	0.00318587
178.875	0.00319323
178.965	0.00319039
179.055	0.00319193
179.145	0.00317843
179.235	0.00316889
179.325	0.00319686
179.415	0.00319197
179.505	0.00319734
179.595	0.00317852
179.685	0.00319511
179.775	0.00318976
179.865	0.0032
179.955	0.00318048
