0	1
0.0224944	0.0
0.0674831	0.0
0.112472	0.0
0.157461	0.0
0.202449	0.0
0.247438	0.0
0.292427	0.0
0.337416	0.0
0.382404	0.0
0.427393	0.0
0.472382	0.0
0.517371	0.0
0.562359	0.0
0.607348	0.0
0.652337	0.0
0.697326	0.0
0.742314	0.0
0.787303	0.0
0.832292	0.0
0.877281	0.0
0.922269	0.0
0.967258	0.0
1.01225	0.0
1.05724	0.0
1.10222	0.0
1.14721	0.0
1.1922	0.0
1.23719	0.0
1.28218	0.0
1.32717	0.0
1.37216	0.0
1.41715	0.0
1.46213	0.0
1.50712	0.0
1.55211	0.0
1.5971	0.0
1.64209	0.0
1.68708	0.0
1.73207	0.0
1.77706	0.0
1.82204	0.0
1.86703	0.0
1.91202	0.0
1.95701	0.0
2.002	0.0
2.04699	0.0
2.09198	0.0
2.13697	0.0
2.18195	0.0
2.22694	0.0
2.27193	0.0
2.31692	0.0
2.36191	0.0
2.4069	0.0
2.45189	0.0
2.49688	0.0
2.54186	0.0
2.58685	0.0
2.63184	0.0
2.67683	0.0
2.72182	0.0
2.76681	0.0
2.8118	0.0
2.85679	0.0
2.90177	0.0
2.94676	0.0
2.99175	0.0
3.03674	0.0
3.08173	0.0
3.12672	0.0
3.17171	0.0
3.2167	0.0
3.26168	0.0
3.30667	0.0
3.35166	0.0
3.39665	0.0
3.44164	0.0
3.48663	0.0
3.53162	0.0
3.57661	0.0
3.62159	0.0
3.66658	0.0
3.71157	0.0
3.75656	0.0
3.80155	0.0
3.84654	0.0
3.89153	0.0
3.93652	0.0
3.9815	0.0
4.02649	0.0
4.07148	0.0
4.11647	0.0
4.16146	0.0
4.20645	0.0
4.25144	0.0
4.29643	0.0
4.34141	0.0
4.3864	0.0
4.43139	0.0
4.47638	0.0
4.52137	0.0
4.56636	0.0
4.61135	0.0
4.65634	0.0
4.70132	0.0
4.74631	0.0
4.7913	0.0
4.83629	0.0
4.88128	0.0
4.92627	0.0
4.97126	0.0
5.01625	0.0
5.06123	0.0
5.10622	0.0
5.15121	0.0
5.1962	0.0
5.24119	0.0
5.28618	0.0
5.33117	0.0
5.37616	0.0
5.42114	0.0
5.46613	0.0
5.51112	0.0
5.55611	0.0
5.6011	0.0
5.64609	0.0
5.69108	0.0
5.73607	0.0
5.78105	0.0
5.82604	0.0
5.87103	0.0
5.91602	0.0
5.96101	0.0
6.006	0.0
6.05099	0.0
6.09598	0.0
6.14096	0.0
6.18595	0.0
6.23094	0.0
6.27593	0.0
6.32092	0.0
6.36591	0.0
6.4109	0.0
6.45589	0.0
6.50087	0.0
6.54586	0.0
6.59085	0.0
6.63584	0.0
6.68083	0.0
6.72582	0.0
6.77081	0.0
6.8158	0.0
6.86078	0.0
6.90577	0.0
6.95076	0.0
6.99575	0.0
7.04074	0.0
7.08573	0.0
7.13072	0.0
7.17571	0.0
7.22069	0.0
7.26568	0.0
7.31067	0.0
7.35566	0.0
7.40065	0.0
7.44564	0.0
7.49063	0.0
7.53562	0.0
7.5806	0.0
7.62559	0.0
7.67058	0.0
7.71557	0.0
7.76056	0.0
7.80555	0.0
7.85054	0.0
7.89553	0.0
7.94051	0.0
7.9855	0.0
8.03049	0.0
8.07548	0.0
8.12047	0.0
8.16546	0.0
8.21045	0.0
8.25544	0.0
8.30042	0.0
8.34541	0.0
8.3904	0.0
8.43539	0.0
8.48038	0.0
8.52537	0.0
8.57036	0.0
8.61535	0.0
8.66033	0.0
8.70532	0.0
8.75031	0.0
8.7953	0.0
8.84029	0.0
8.88528	0.0
8.93027	0.0
8.97526	0.0
9.02024	0.0
9.06523	0.0
9.11022	0.0
9.15521	0.0
9.2002	0.0
9.24519	0.0
9.29018	0.0
9.33517	0.0
9.38015	0.0
9.42514	0.0
9.47013	0.0
9.51512	0.0
9.56011	0.0
9.6051	0.0
9.65009	0.0
9.69508	0.0
9.74006	0.0
9.78505	0.0
9.83004	0.0
9.87503	0.0
9.92002	0.0
9.96501	0.0
10.01	0.0
10.055	0.0
10.1	0.0
10.145	0.0
10.19	0.0
10.2349	0.0
10.2799	0.0
10.3249	0.0
10.3699	0.0
10.4149	0.0
10.4599	0.0
10.5049	0.0
10.5499	0.0
10.5949	0.0
10.6398	0.0
10.6848	0.0
10.7298	0.0
10.7748	0.0
10.8198	0.0
10.8648	0.0
10.9098	0.0
10.9548	0.0
10.9998	0.0
11.0447	0.0
11.0897	0.0
11.1347	0.0
11.1797	0.0
11.2247	0.0
11.2697	0.0
11.3147	0.0
11.3597	0.0
11.4046	0.0
11.4496	0.0
11.4946	0.0
11.5396	0.0
11.5846	0.0
11.6296	0.0
11.6746	0.0
11.7196	0.0
11.7646	0.0
11.8095	0.0
11.8545	0.0
11.8995	0.0
11.9445	0.0
11.9895	0.0
12.0345	0.0
12.0795	0.0
12.1245	0.0
12.1695	0.0
12.2144	0.0
12.2594	0.0
12.3044	0.0
12.3494	0.0
12.3944	0.0
12.4394	0.0
12.4844	0.0
12.5294	0.0
12.5744	0.0
12.6193	0.0
12.6643	0.0
12.7093	0.0
12.7543	0.0
12.7993	0.0
12.8443	0.0
12.8893	0.0
12.9343	0.0
12.9793	0.0
13.0242	0.0
13.0692	0.0
13.1142	0.0
13.1592	0.0
13.2042	0.0
13.2492	0.0
13.2942	0.0
13.3392	0.0
13.3842	0.0
13.4291	0.0
13.4741	0.0
13.5191	0.0
13.5641	0.0
13.6091	0.0
13.6541	0.0
13.6991	0.0
13.7441	0.0
13.7891	0.0
13.834	0.0
13.879	0.0
13.924	0.0
13.969	0.0
14.014	0.0
14.059	0.0
14.104	0.0
14.149	0.0
14.194	0.0
14.2389	0.0
14.2839	0.0
14.3289	0.0
14.3739	0.0
14.4189	0.0
14.4639	0.0
14.5089	0.0
14.5539	0.0
14.5989	0.0
14.6438	0.0
14.6888	0.0
14.7338	0.0
14.7788	0.0
14.8238	0.0
14.8688	0.0
14.9138	0.0
14.9588	0.0
15.0037	0.0
15.0487	0.0
15.0937	0.0
15.1387	0.0
15.1837	0.0
15.2287	0.0
15.2737	0.0
15.3187	0.0
15.3637	0.0
15.4086	0.0
15.4536	0.0
15.4986	0.0
15.5436	0.0
15.5886	0.0
15.6336	0.0
15.6786	0.0
15.7236	0.0
15.7686	0.0
15.8135	0.0
15.8585	0.0
15.9035	0.0
15.9485	0.0
15.9935	0.0
16.0385	0.0
16.0835	0.0
16.1285	0.0
16.1735	0.0
16.2184	0.0
16.2634	0.0
16.3084	0.0
16.3534	0.0
16.3984	0.0
16.4434	0.0
16.4884	0.0
16.5334	0.0
16.5784	0.0
16.6233	0.0
16.6683	0.0
16.7133	0.0
16.7583	0.0
16.8033	0.0
16.8483	0.0
16.8933	0.0
16.9383	0.0
16.9833	0.0
17.0282	0.0
17.0732	0.0
17.1182	0.0
17.1632	0.0
17.2082	0.0
17.2532	0.0
17.2982	0.0
17.3432	0.0
17.3882	0.0
17.4331	0.0
17.4781	0.0
17.5231	0.0
17.5681	0.0
17.6131	0.0
17.6581	0.0
17.7031	0.0
17.7481	0.0
17.7931	0.0
17.838	0.0
17.883	0.0
17.928	0.0
17.973	0.0
18.018	0.0
18.063	0.0
18.108	0.0
18.153	0.0
18.198	0.0
18.2429	0.0
18.2879	0.0
18.3329	0.0
18.3779	0.0
18.4229	0.0
18.4679	0.0
18.5129	0.0
18.5579	0.0
18.6028	0.0
18.6478	0.0
18.6928	0.0
18.7378	0.0
18.7828	0.0
18.8278	0.0
18.8728	0.0
18.9178	0.0
18.9628	0.0
19.0077	0.0
19.0527	0.0
19.0977	0.0
19.1427	0.0
19.1877	0.0
19.2327	0.0
19.2777	0.0
19.3227	0.0
19.3677	0.0
19.4126	0.0
19.4576	0.0
19.5026	0.0
19.5476	0.0
19.5926	0.0
19.6376	0.0
19.6826	0.0
19.7276	0.0
19.7726	0.0
19.8175	0.0
19.8625	0.0
19.9075	0.0
19.9525	0.0
19.9975	0.0
20.0425	0.0
20.0875	0.0
20.1325	0.0
20.1775	0.0
20.2224	0.0
20.2674	0.0
20.3124	0.0
20.3574	0.0
20.4024	0.0
20.4474	0.0
20.4924	0.0
20.5374	0.0
20.5824	0.0
20.6273	0.0
20.6723	0.0
20.7173	0.0
20.7623	0.0
20.8073	0.0
20.8523	0.0
20.8973	0.0
20.9423	0.0
20.9873	0.0
21.0322	0.0
21.0772	0.0
21.1222	0.0
21.1672	0.0
21.2122	0.0
21.2572	0.0
21.3022	0.0
21.3472	0.0
21.3922	0.0
21.4371	0.0
21.4821	0.0
21.5271	0.0
21.5721	0.0
21.6171	0.0
21.6621	0.0
21.7071	0.0
21.7521	0.0
21.7971	0.0
21.842	0.0
21.887	0.0
21.932	0.0
21.977	0.0
22.022	0.0
22.067	0.0
22.112	0.0
22.157	0.0
22.2019	0.0
22.2469	0.0
22.2919	0.0
22.3369	0.0
22.3819	0.0
22.4269	0.0
22.4719	0.0
22.5169	0.0
22.5619	0.0
22.6068	0.0
22.6518	0.0
22.6968	0.0
22.7418	0.0
22.7868	0.0
22.8318	0.0
22.8768	0.0
22.9218	0.0
22.9668	0.0
23.0117	0.0
23.0567	0.0
23.1017	0.0
23.1467	0.0
23.1917	0.0
23.2367	0.0
23.2817	0.0
23.3267	0.0
23.3717	0.0
23.4166	0.0
23.4616	0.0
23.5066	0.0
23.5516	0.0
23.5966	0.0
23.6416	0.0
23.6866	0.0
23.7316	0.0
23.7766	0.0
23.8215	0.0
23.8665	0.0
23.9115	0.0
23.9565	0.0
24.0015	0.0
24.0465	0.0
24.0915	0.0
24.1365	0.0
24.1815	0.0
24.2264	0.0
24.2714	0.0
24.3164	0.0
24.3614	0.0
24.4064	0.0
24.4514	0.0
24.4964	0.0
24.5414	0.0
24.5864	0.0
24.6313	0.0
24.6763	0.0
24.7213	0.0
24.7663	0.0
24.8113	0.0
24.8563	0.0
24.9013	0.0
24.9463	0.0
24.9913	0.0
25.0362	0.0
25.0812	0.0
25.1262	0.0
25.1712	0.0
25.2162	0.0
25.2612	0.0
25.3062	0.0
25.3512	0.0
25.3962	0.0
25.4411	0.0
25.4861	0.0
25.5311	0.0
25.5761	0.0
25.6211	0.0
25.6661	0.0
25.7111	0.0
25.7561	0.0
25.801	0.0
25.846	0.0
25.891	0.0
25.936	0.0
25.981	0.0
26.026	0.0
26.071	0.0
26.116	0.0
26.161	0.0
26.2059	0.0
26.2509	0.0
26.2959	0.0
26.3409	0.0
26.3859	0.0
26.4309	0.0
26.4759	0.0
26.5209	0.0
26.5659	0.0
26.6108	0.0
26.6558	0.0
26.7008	0.0
26.7458	0.0
26.7908	0.0
26.8358	0.0
26.8808	0.0
26.9258	0.0
26.9708	0.0
27.0157	0.0
27.0607	0.0
27.1057	0.0
27.1507	0.0
27.1957	0.0
27.2407	0.0
27.2857	0.0
27.3307	0.0
27.3757	0.0
27.4206	0.0
27.4656	0.0
27.5106	0.0
27.5556	0.0
27.6006	0.0
27.6456	0.0
27.6906	0.0
27.7356	0.0
27.7806	0.0
27.8255	0.0
27.8705	0.0
27.9155	0.0
27.9605	0.0
28.0055	0.0
28.0505	0.0
28.0955	0.0
28.1405	0.0
28.1855	0.0
28.2304	0.0
28.2754	0.0
28.3204	0.0
28.3654	0.0
28.4104	0.0
28.4554	0.0
28.5004	0.0
28.5454	0.0
28.5904	0.0
28.6353	0.0
28.6803	0.0
28.7253	0.0
28.7703	0.0
28.8153	0.0
28.8603	0.0
28.9053	0.0
28.9503	0.0
28.9953	0.0
29.0402	0.0
29.0852	0.0
29.1302	0.0
29.1752	0.0
29.2202	0.0
29.2652	0.0
29.3102	0.0
29.3552	0.0
29.4001	0.0
29.4451	0.0
29.4901	0.0
29.5351	0.0
29.5801	0.0
29.6251	0.0
29.6701	0.0
29.7151	0.0
29.7601	0.0
29.805	0.0
29.85	0.0
29.895	0.0
29.94	0.0
29.985	0.0
30.03	0.0
30.075	0.0
30.12	0.0
30.165	0.0
30.2099	0.0
30.2549	0.0
30.2999	0.0
30.3449	0.0
30.3899	0.0
30.4349	0.0
30.4799	0.0
30.5249	0.0
30.5699	0.0
30.6148	0.0
30.6598	0.0
30.7048	0.0
30.7498	0.0
30.7948	0.0
30.8398	0.0
30.8848	0.0
30.9298	0.0
30.9748	0.0
31.0197	0.0
31.0647	0.0
31.1097	0.0
31.1547	0.0
31.1997	0.0
31.2447	0.0
31.2897	0.0
31.3347	0.0
31.3797	0.0
31.4246	0.0
31.4696	0.0
31.5146	0.0
31.5596	0.0
31.6046	0.0
31.6496	0.0
31.6946	0.0
31.7396	0.0
31.7846	0.0
31.8295	0.0
31.8745	0.0
31.9195	0.0
31.9645	0.0
32.0095	0.0
32.0545	0.0
32.0995	0.0
32.1445	0.0
32.1895	0.0
32.2344	0.0
32.2794	0.0
32.3244	0.0
32.3694	0.0
32.4144	0.0
32.4594	0.0
32.5044	0.0
32.5494	0.0
32.5944	0.0
32.6393	0.0
32.6843	0.0
32.7293	0.0
32.7743	0.0
32.8193	0.0
32.8643	0.0
32.9093	0.0
32.9543	0.0
32.9993	0.0
33.0442	0.0
33.0892	0.0
33.1342	0.0
33.1792	0.0
33.2242	0.0
33.2692	0.0
33.3142	0.0
33.3592	0.0
33.4041	0.0
33.4491	0.0
33.4941	0.0
33.5391	0.0
33.5841	0.0
33.6291	0.0
33.6741	0.0
33.7191	0.0
33.7641	0.0
33.809	0.0
33.854	0.0
33.899	0.0
33.944	0.0
33.989	0.0
34.034	0.0
34.079	0.0
34.124	0.0
34.169	0.0
34.2139	0.0
34.2589	0.0
34.3039	0.0
34.3489	0.0
34.3939	0.0
34.4389	0.0
34.4839	0.0
34.5289	0.0
34.5739	0.0
34.6188	0.0
34.6638	0.0
34.7088	0.0
34.7538	0.0
34.7988	0.0
34.8438	0.0
34.8888	0.0
34.9338	0.0
34.9788	0.0
35.0237	0.0
35.0687	0.0
35.1137	0.0
35.1587	0.0
35.2037	0.0
35.2487	0.0
35.2937	0.0
35.3387	0.0
35.3837	0.0
35.4286	0.0
35.4736	0.0
35.5186	0.0
35.5636	0.0
35.6086	0.0
35.6536	0.0
35.6986	0.0
35.7436	0.0
35.7886	0.0
35.8335	0.0
35.8785	0.0
35.9235	0.0
35.9685	0.0
36.0135	0.0
36.0585	0.0
36.1035	0.0
36.1485	0.0
36.1935	0.0
36.2384	0.0
36.2834	0.0
36.3284	0.0
36.3734	0.0
36.4184	0.0
36.4634	0.0
36.5084	0.0
36.5534	0.0
36.5984	0.0
36.6433	0.0
36.6883	0.0
36.7333	0.0
36.7783	0.0
36.8233	0.0
36.8683	0.0
36.9133	0.0
36.9583	0.0
37.0032	0.0
37.0482	0.0
37.0932	0.0
37.1382	0.0
37.1832	0.0
37.2282	0.0
37.2732	0.0
37.3182	0.0
37.3632	0.0
37.4081	0.0
37.4531	0.0
37.4981	0.0
37.5431	0.0
37.5881	0.0
37.6331	0.0
37.6781	0.0
37.7231	0.0
37.7681	0.0
37.813	0.0
37.858	0.0
37.903	0.0
37.948	0.0
37.993	0.0
38.038	0.0
38.083	0.0
38.128	0.0
38.173	0.0
38.2179	0.0
38.2629	0.0
38.3079	0.0
38.3529	0.0
38.3979	0.0
38.4429	0.0
38.4879	0.0
38.5329	0.0
38.5779	0.0
38.6228	0.0
38.6678	0.0
38.7128	0.0
38.7578	0.0
38.8028	0.0
38.8478	0.0
38.8928	0.0
38.9378	0.0
38.9828	0.0
39.0277	0.0
39.0727	0.0
39.1177	0.0
39.1627	0.0
39.2077	0.0
39.2527	0.0
39.2977	0.0
39.3427	0.0
39.3877	0.0
39.4326	0.0
39.4776	0.0
39.5226	0.0
39.5676	0.0
39.6126	0.0
39.6576	0.0
39.7026	0.0
39.7476	0.0
39.7926	0.0
39.8375	0.0
39.8825	0.0
39.9275	0.0
39.9725	0.0
40.0175	0.0
40.0625	0.0
40.1075	0.0
40.1525	0.0
40.1975	0.0
40.2424	0.0
40.2874	0.0
40.3324	0.0
40.3774	0.0
40.4224	0.0
40.4674	0.0
40.5124	0.0
40.5574	0.0
40.6023	0.0
40.6473	0.0
40.6923	0.0
40.7373	0.0
40.7823	0.0
40.8273	0.0
40.8723	0.0
40.9173	0.0
40.9623	0.0
41.0072	0.0
41.0522	0.0
41.0972	0.0
41.1422	0.0
41.1872	0.0
41.2322	0.0
41.2772	0.0
41.3222	0.0
41.3672	0.0
41.4121	0.0
41.4571	0.0
41.5021	0.0
41.5471	0.0
41.5921	0.0
41.6371	0.0
41.6821	0.0
41.7271	0.0
41.7721	0.0
41.817	0.0
41.862	0.0
41.907	0.0
41.952	0.0
41.997	0.0
42.042	0.0
42.087	0.0
42.132	0.0
42.177	0.0
42.2219	0.0
42.2669	0.0
42.3119	0.0
42.3569	0.0
42.4019	0.0
42.4469	0.0
42.4919	0.0
42.5369	0.0
42.5819	0.0
42.6268	0.0
42.6718	0.0
42.7168	0.0
42.7618	0.0
42.8068	0.0
42.8518	0.0
42.8968	0.0
42.9418	0.0
42.9868	0.0
43.0317	0.0
43.0767	0.0
43.1217	0.0
43.1667	0.0
43.2117	0.0
43.2567	0.0
43.3017	0.0
43.3467	0.0
43.3917	0.0
43.4366	0.0
43.4816	0.0
43.5266	0.0
43.5716	0.0
43.6166	0.0
43.6616	0.0
43.7066	0.0
43.7516	0.0
43.7966	0.0
43.8415	0.0
43.8865	0.0
43.9315	0.0
43.9765	0.0
44.0215	0.0
44.0665	0.0
44.1115	0.0
44.1565	0.0
44.2014	0.0
44.2464	0.0
44.2914	0.0
44.3364	0.0
44.3814	0.0
44.4264	0.0
44.4714	0.0
44.5164	0.0
44.5614	0.0
44.6063	0.0
44.6513	0.0
44.6963	0.0
44.7413	0.0
44.7863	0.0
44.8313	0.0
44.8763	0.0
44.9213	0.0
44.9663	0.0
45.0112	0.0
45.0562	0.0
45.1012	0.0
45.1462	0.0
45.1912	0.0
45.2362	0.0
45.2812	0.0
45.3262	0.0
45.3712	0.0
45.4161	0.0
45.4611	0.0
45.5061	0.0
45.5511	0.0
45.5961	0.0
45.6411	0.0
45.6861	0.0
45.7311	0.0
45.7761	0.0
45.821	0.0
45.866	0.0
45.911	0.0
45.956	0.0
46.001	0.0
46.046	0.0
46.091	0.0
46.136	0.0
46.181	0.0
46.2259	0.0
46.2709	0.0
46.3159	0.0
46.3609	0.0
46.4059	0.0
46.4509	0.0
46.4959	0.0
46.5409	0.0
46.5859	0.0
46.6308	0.0
46.6758	0.0
46.7208	0.0
46.7658	0.0
46.8108	0.0
46.8558	0.0
46.9008	0.0
46.9458	0.0
46.9908	0.0
47.0357	0.0
47.0807	0.0
47.1257	0.0
47.1707	0.0
47.2157	0.0
47.2607	0.0
47.3057	0.0
47.3507	0.0
47.3957	0.0
47.4406	0.0
47.4856	0.0
47.5306	0.0
47.5756	0.0
47.6206	0.0
47.6656	0.0
47.7106	0.0
47.7556	0.0
47.8005	0.0
47.8455	0.0
47.8905	0.0
47.9355	0.0
47.9805	0.0
48.0255	0.0
48.0705	0.0
48.1155	0.0
48.1605	0.0
48.2054	0.0
48.2504	0.0
48.2954	0.0
48.3404	0.0
48.3854	0.0
48.4304	0.0
48.4754	0.0
48.5204	0.0
48.5654	0.0
48.6103	0.0
48.6553	0.0
48.7003	0.0
48.7453	0.0
48.7903	0.0
48.8353	0.0
48.8803	0.0
48.9253	0.0
48.9703	0.0
49.0152	0.0
49.0602	0.0
49.1052	0.0
49.1502	0.0
49.1952	0.0
49.2402	0.0
49.2852	0.0
49.3302	0.0
49.3752	0.0
49.4201	0.0
49.4651	0.0
49.5101	0.0
49.5551	0.0
49.6001	0.0
49.6451	0.0
49.6901	0.0
49.7351	0.0
49.7801	0.0
49.825	0.0
49.87	0.0
49.915	0.0
49.96	0.0
50.005	0.0
50.05	0.0
50.095	0.0
50.14	0.0
50.185	0.0
50.2299	0.0
50.2749	0.0
50.3199	0.0
50.3649	0.0
50.4099	0.0
50.4549	0.0
50.4999	0.0
50.5449	0.0
50.5899	0.0
50.6348	0.0
50.6798	0.0
50.7248	0.0
50.7698	0.0
50.8148	0.0
50.8598	0.0
50.9048	0.0
50.9498	0.0
50.9948	0.0
51.0397	0.0
51.0847	0.0
51.1297	0.0
51.1747	0.0
51.2197	0.0
51.2647	0.0
51.3097	0.0
51.3547	0.0
51.3997	0.0
51.4446	0.0
51.4896	0.0
51.5346	0.0
51.5796	0.0
51.6246	0.0
51.6696	0.0
51.7146	0.0
51.7596	0.0
51.8045	0.0
51.8495	0.0
51.8945	0.0
51.9395	0.0
51.9845	0.0
52.0295	0.0
52.0745	0.0
52.1195	0.0
52.1645	0.0
52.2094	0.0
52.2544	0.0
52.2994	0.0
52.3444	0.0
52.3894	0.0
52.4344	0.0
52.4794	0.0
52.5244	0.0
52.5694	0.0
52.6143	0.0
52.6593	0.0
52.7043	0.0
52.7493	0.0
52.7943	0.0
52.8393	0.0
52.8843	0.0
52.9293	0.0
52.9743	0.0
53.0192	0.0
53.0642	0.0
53.1092	0.0
53.1542	0.0
53.1992	0.0
53.2442	0.0
53.2892	0.0
53.3342	0.0
53.3792	0.0
53.4241	0.0
53.4691	0.0
53.5141	0.0
53.5591	0.0
53.6041	0.0
53.6491	0.0
53.6941	0.0
53.7391	0.0
53.7841	0.0
53.829	0.0
53.874	0.0
53.919	0.0
53.964	0.0
54.009	0.0
54.054	0.0
54.099	0.0
54.144	0.0
54.189	0.0
54.2339	0.0
54.2789	0.0
54.3239	0.0
54.3689	0.0
54.4139	0.0
54.4589	0.0
54.5039	0.0
54.5489	0.0
54.5939	0.0
54.6388	0.0
54.6838	0.0
54.7288	0.0
54.7738	0.0
54.8188	0.0
54.8638	0.0
54.9088	0.0
54.9538	0.0
54.9988	0.0
55.0437	0.0
55.0887	0.0
55.1337	0.0
55.1787	0.0
55.2237	0.0
55.2687	0.0
55.3137	0.0
55.3587	0.0
55.4036	0.0
55.4486	0.0
55.4936	0.0
55.5386	0.0
55.5836	0.0
55.6286	0.0
55.6736	0.0
55.7186	0.0
55.7636	0.0
55.8085	0.0
55.8535	0.0
55.8985	0.0
55.9435	0.0
55.9885	0.0
56.0335	0.0
56.0785	0.0
56.1235	0.0
56.1685	0.0
56.2134	0.0
56.2584	0.0
56.3034	0.0
56.3484	0.0
56.3934	0.0
56.4384	0.0
56.4834	0.0
56.5284	0.0
56.5734	0.0
56.6183	0.0
56.6633	0.0
56.7083	0.0
56.7533	0.0
56.7983	0.0
56.8433	0.0
56.8883	0.0
56.9333	0.0
56.9783	0.0
57.0232	0.0
57.0682	0.0
57.1132	0.0
57.1582	0.0
57.2032	0.0
57.2482	0.0
57.2932	0.0
57.3382	0.0
57.3832	0.0
57.4281	0.0
57.4731	0.0
57.5181	0.0
57.5631	0.0
57.6081	0.0
57.6531	0.0
57.6981	0.0
57.7431	0.0
57.7881	0.0
57.833	0.0
57.878	0.0
57.923	0.0
57.968	0.0
58.013	0.0
58.058	0.0
58.103	0.0
58.148	0.0
58.193	0.0
58.2379	0.0
58.2829	0.0
58.3279	0.0
58.3729	0.0
58.4179	0.0
58.4629	0.0
58.5079	0.0
58.5529	0.0
58.5979	0.0
58.6428	0.0
58.6878	0.0
58.7328	0.0
58.7778	0.0
58.8228	0.0
58.8678	0.0
58.9128	0.0
58.9578	0.0
59.0027	0.0
59.0477	0.0
59.0927	0.0
59.1377	0.0
59.1827	0.0
59.2277	0.0
59.2727	0.0
59.3177	0.0
59.3627	0.0
59.4076	0.0
59.4526	0.0
59.4976	0.0
59.5426	0.0
59.5876	0.0
59.6326	0.0
59.6776	0.0
59.7226	0.0
59.7676	0.0
59.8125	0.0
59.8575	0.0
59.9025	0.0
59.9475	0.0
59.9925	0.0
60.0375	0.0
60.0825	0.0
60.1275	0.0
60.1725	0.0
60.2174	0.0
60.2624	0.0
60.3074	0.0
60.3524	0.0
60.3974	0.0
60.4424	0.0
60.4874	0.0
60.5324	0.0
60.5774	0.0
60.6223	0.0
60.6673	0.0
60.7123	0.0
60.7573	0.0
60.8023	0.0
60.8473	0.0
60.8923	0.0
60.9373	0.0
60.9823	0.0
61.0272	0.0
61.0722	0.0
61.1172	0.0
61.1622	0.0
61.2072	0.0
61.2522	0.0
61.2972	0.0
61.3422	0.0
61.3872	0.0
61.4321	0.0
61.4771	0.0
61.5221	0.0
61.5671	0.0
61.6121	0.0
61.6571	0.0
61.7021	0.0
61.7471	0.0
61.7921	0.0
61.837	0.0
61.882	0.0
61.927	0.0
61.972	0.0
62.017	0.0
62.062	0.0
62.107	0.0
62.152	0.0
62.197	0.0
62.2419	0.0
62.2869	0.0
62.3319	0.0
62.3769	0.0
62.4219	0.0
62.4669	0.0
62.5119	0.0
62.5569	0.0
62.6018	0.0
62.6468	0.0
62.6918	0.0
62.7368	0.0
62.7818	0.0
62.8268	0.0
62.8718	0.0
62.9168	0.0
62.9618	0.0
63.0067	0.0
63.0517	0.0
63.0967	0.0
63.1417	0.0
63.1867	0.0
63.2317	0.0
63.2767	0.0
63.3217	0.0
63.3667	0.0
63.4116	0.0
63.4566	0.0
63.5016	0.0
63.5466	0.0
63.5916	0.0
63.6366	0.0
63.6816	0.0
63.7266	0.0
63.7716	0.0
63.8165	0.0
63.8615	0.0
63.9065	0.0
63.9515	0.0
63.9965	0.0
64.0415	0.0
64.0865	0.0
64.1315	0.0
64.1765	0.0
64.2214	0.0
64.2664	0.0
64.3114	0.0
64.3564	0.0
64.4014	0.0
64.4464	0.0
64.4914	0.0
64.5364	0.0
64.5814	0.0
64.6263	0.0
64.6713	0.0
64.7163	0.0
64.7613	0.0
64.8063	0.0
64.8513	0.0
64.8963	0.0
64.9413	0.0
64.9863	0.0
65.0312	0.0
65.0762	0.0
65.1212	0.0
65.1662	0.0
65.2112	0.0
65.2562	0.0
65.3012	0.0
65.3462	0.0
65.3912	0.0
65.4361	0.0
65.4811	0.0
65.5261	0.0
65.5711	0.0
65.6161	0.0
65.6611	0.0
65.7061	0.0
65.7511	0.0
65.7961	0.0
65.841	0.0
65.886	0.0
65.931	0.0
65.976	0.0
66.021	0.0
66.066	0.0
66.111	0.0
66.156	0.0
66.2009	0.0
66.2459	0.0
66.2909	0.0
66.3359	0.0
66.3809	0.0
66.4259	0.0
66.4709	0.0
66.5159	0.0
66.5609	0.0
66.6058	0.0
66.6508	0.0
66.6958	0.0
66.7408	0.0
66.7858	0.0
66.8308	0.0
66.8758	0.0
66.9208	0.0
66.9658	0.0
67.0107	0.0
67.0557	0.0
67.1007	0.0
67.1457	0.0
67.1907	0.0
67.2357	0.0
67.2807	0.0
67.3257	0.0
67.3707	0.0
67.4156	0.0
67.4606	0.0
67.5056	0.0
67.5506	0.0
67.5956	0.0
67.6406	0.0
67.6856	0.0
67.7306	0.0
67.7756	0.0
67.8205	0.0
67.8655	0.0
67.9105	0.0
67.9555	0.0
68.0005	0.0
68.0455	0.0
68.0905	0.0
68.1355	0.0
68.1805	0.0
68.2254	0.0
68.2704	0.0
68.3154	0.0
68.3604	0.0
68.4054	0.0
68.4504	0.0
68.4954	0.0
68.5404	0.0
68.5854	0.0
68.6303	0.0
68.6753	0.0
68.7203	0.0
68.7653	0.0
68.8103	0.0
68.8553	0.0
68.9003	0.0
68.9453	0.0
68.9903	0.0
69.0352	0.0
69.0802	0.0
69.1252	0.0
69.1702	0.0
69.2152	0.0
69.2602	0.0
69.3052	0.0
69.3502	0.0
69.3952	0.0
69.4401	0.0
69.4851	0.0
69.5301	0.0
69.5751	0.0
69.6201	0.0
69.6651	0.0
69.7101	0.0
69.7551	0.0
69.8	0.0
69.845	0.0
69.89	0.0
69.935	0.0
69.98	0.0
70.025	0.0
70.07	0.0
70.115	0.0
70.16	0.0
70.2049	0.0
70.2499	0.0
70.2949	0.0
70.3399	0.0
70.3849	0.0
70.4299	0.0
70.4749	0.0
70.5199	0.0
70.5649	0.0
70.6098	0.0
70.6548	0.0
70.6998	0.0
70.7448	0.0
70.7898	0.0
70.8348	0.0
70.8798	0.0
70.9248	0.0
70.9698	0.0
71.0147	0.0
71.0597	0.0
71.1047	0.0
71.1497	0.0
71.1947	0.0
71.2397	0.0
71.2847	0.0
71.3297	0.0
71.3747	0.0
71.4196	0.0
71.4646	0.0
71.5096	0.0
71.5546	0.0
71.5996	0.0
71.6446	0.0
71.6896	0.0
71.7346	0.0
71.7796	0.0
71.8245	0.0
71.8695	0.0
71.9145	0.0
71.9595	0.0
72.0045	0.0
72.0495	0.0
72.0945	0.0
72.1395	0.0
72.1845	0.0
72.2294	0.0
72.2744	0.0
72.3194	0.0
72.3644	0.0
72.4094	0.0
72.4544	0.0
72.4994	0.0
72.5444	0.0
72.5894	0.0
72.6343	0.0
72.6793	0.0
72.7243	0.0
72.7693	0.0
72.8143	0.0
72.8593	0.0
72.9043	0.0
72.9493	0.0
72.9943	0.0
73.0392	0.0
73.0842	0.0
73.1292	0.0
73.1742	0.0
73.2192	0.0
73.2642	0.0
73.3092	0.0
73.3542	0.0
73.3992	0.0
73.4441	0.0
73.4891	0.0
73.5341	0.0
73.5791	0.0
73.6241	0.0
73.6691	0.0
73.7141	0.0
73.7591	0.0
73.804	0.0
73.849	0.0
73.894	0.0
73.939	0.0
73.984	0.0
74.029	0.0
74.074	0.0
74.119	0.0
74.164	0.0
74.2089	0.0
74.2539	0.0
74.2989	0.0
74.3439	0.0
74.3889	0.0
74.4339	0.0
74.4789	0.0
74.5239	0.0
74.5689	0.0
74.6138	0.0
74.6588	0.0
74.7038	0.0
74.7488	0.0
74.7938	0.0
74.8388	0.0
74.8838	0.0
74.9288	0.0
74.9738	1.0895e-08
75.0187	0.0
75.0637	0.0
75.1087	0.0
75.1537	0.0
75.1987	0.0
75.2437	0.0
75.2887	0.0
75.3337	0.0
75.3787	0.0
75.4236	0.0
75.4686	0.0
75.5136	0.0
75.5586	0.0
75.6036	0.0
75.6486	0.0
75.6936	0.0
75.7386	0.0
75.7836	0.0
75.8285	0.0
75.8735	0.0
75.9185	0.0
75.9635	0.0
76.0085	0.0
76.0535	0.0
76.0985	0.0
76.1435	0.0
76.1885	0.0
76.2334	0.0
76.2784	0.0
76.3234	0.0
76.3684	1.08275e-08
76.4134	0.0
76.4584	0.0
76.5034	0.0
76.5484	0.0
76.5934	0.0
76.6383	0.0
76.6833	0.0
76.7283	0.0
76.7733	1.08092e-08
76.8183	0.0
76.8633	3.24157e-08
76.9083	1.08032e-08
76.9533	0.0
76.9983	0.0
77.0432	0.0
77.0882	1.07954e-08
77.1332	1.07935e-08
77.1782	0.0
77.2232	0.0
77.2682	2.15754e-08
77.3132	1.07858e-08
77.3582	0.0
77.4031	1.0782e-08
77.4481	2.15602e-08
77.4931	4.31129e-08
77.5381	1.07763e-08
77.5831	2.1549e-08
77.6281	3.23179e-08
77.6731	2.15415e-08
77.7181	3.23068e-08
77.7631	1.07671e-08
77.808	0.0
77.853	3.22903e-08
77.898	3.22849e-08
77.943	3.22794e-08
77.988	4.30321e-08
78.033	0.0
78.078	2.15089e-08
78.123	2.15053e-08
78.168	5.37544e-08
78.2129	3.22473e-08
78.2579	6.44842e-08
78.3029	3.22368e-08
78.3479	9.66948e-08
78.3929	6.44528e-08
78.4379	5.3702e-08
78.4829	3.2216e-08
78.5279	4.29479e-08
78.5729	6.44115e-08
78.6178	6.44013e-08
78.6628	7.5123e-08
78.7078	7.51112e-08
78.7528	5.36425e-08
78.7978	7.50878e-08
78.8428	3.21755e-08
78.8878	1.17959e-07
78.9328	9.64967e-08
78.9778	9.64819e-08
79.0227	1.28623e-07
79.0677	8.57356e-08
79.1127	1.82161e-07
79.1577	2.14274e-07
79.2027	2.0353e-07
79.2477	1.71368e-07
79.2927	1.49925e-07
79.3377	1.07073e-07
79.3827	2.03409e-07
79.4276	2.03379e-07
79.4726	2.03349e-07
79.5176	1.71217e-07
79.5626	2.1399e-07
79.6076	2.46053e-07
79.6526	2.35321e-07
79.6976	1.60423e-07
79.7426	2.13867e-07
79.7876	2.8868e-07
79.8325	2.24497e-07
79.8775	3.84798e-07
79.9225	3.41995e-07
79.9675	2.67146e-07
80.0125	3.52584e-07
80.0575	3.84584e-07
80.1025	3.95213e-07
80.1475	4.59239e-07
80.1925	3.52391e-07
80.2374	5.65885e-07
80.2824	4.05674e-07
80.3274	4.48316e-07
80.3724	5.97675e-07
80.4174	5.01554e-07
80.4624	5.44167e-07
80.5074	7.25461e-07
80.5524	5.76026e-07
80.5974	6.93274e-07
80.6423	5.75876e-07
80.6873	6.18454e-07
80.7323	7.78299e-07
80.7773	8.42161e-07
80.8223	8.95348e-07
80.8673	1.21496e-06
80.9123	1.01234e-06
80.9573	1.03352e-06
81.0022	9.69473e-07
81.0472	1.12914e-06
81.0922	1.08639e-06
81.1372	1.246e-06
81.1822	1.33104e-06
81.2272	1.18182e-06
81.2722	1.35201e-06
81.3172	1.2454e-06
81.3622	1.52197e-06
81.4071	1.53244e-06
81.4521	1.61738e-06
81.4971	1.72358e-06
81.5421	1.68083e-06
81.5871	2.13802e-06
81.6321	1.83997e-06
81.6771	1.93547e-06
81.7221	2.14791e-06
81.7671	2.20083e-06
81.812	2.21121e-06
81.857	2.54048e-06
81.902	2.29574e-06
81.947	2.87999e-06
81.992	2.51838e-06
82.037	2.86872e-06
82.082	2.99589e-06
82.127	3.17615e-06
82.172	3.70688e-06
82.2169	3.24981e-06
82.2619	3.26008e-06
82.3069	3.83311e-06
82.3519	3.6416e-06
82.3969	4.00215e-06
82.4419	4.44755e-06
82.4869	4.19236e-06
82.5319	4.57398e-06
82.5769	4.62657e-06
82.6218	4.84891e-06
82.6668	4.77415e-06
82.7118	5.24043e-06
82.7568	4.99594e-06
82.8018	5.53636e-06
82.8468	5.64186e-06
82.8918	5.73674e-06
82.9368	5.94824e-06
82.9818	6.28692e-06
83.0267	6.81636e-06
83.0717	7.0277e-06
83.1167	7.69476e-06
83.1617	8.23453e-06
83.2067	7.68272e-06
83.2517	8.67801e-06
83.2967	9.28112e-06
83.3417	8.76116e-06
83.3867	1.0201e-05
83.4316	1.01471e-05
83.4766	9.98734e-06
83.5216	1.06642e-05
83.5666	1.09809e-05
83.6116	1.08e-05
83.6566	1.13178e-05
83.7016	1.15497e-05
83.7466	1.22262e-05
83.7916	1.21616e-05
83.8365	1.36846e-05
83.8815	1.3366e-05
83.9265	1.41479e-05
83.9715	1.50144e-05
84.0165	1.4992e-05
84.0615	1.56255e-05
84.1065	1.57195e-05
84.1515	1.6649e-05
84.1965	1.75996e-05
84.2414	1.75136e-05
84.2864	1.80832e-05
84.3314	1.989e-05
84.3764	1.95078e-05
84.4214	1.96332e-05
84.4664	2.07946e-05
84.5114	2.21038e-05
84.5564	2.27469e-05
84.6013	2.30623e-05
84.6463	2.435e-05
84.6913	2.54578e-05
84.7363	2.55193e-05
84.7813	2.62254e-05
84.8263	2.65194e-05
84.8713	2.80917e-05
84.9163	2.93891e-05
84.9613	3.04117e-05
85.0062	3.09271e-05
85.0512	3.21713e-05
85.0962	3.28873e-05
85.1412	3.41207e-05
85.1862	3.51638e-05
85.2312	3.66292e-05
85.2762	3.77038e-05
85.3212	3.83876e-05
85.3662	4.02854e-05
85.4111	4.09373e-05
85.4561	4.25814e-05
85.5011	4.2621e-05
85.5461	4.39377e-05
85.5911	4.45577e-05
85.6361	4.66234e-05
85.6811	4.78025e-05
85.7261	5.02688e-05
85.7711	5.16164e-05
85.816	5.2373e-05
85.861	5.34673e-05
85.906	5.5975e-05
85.951	5.67314e-05
85.996	5.89223e-05
86.041	6.0691e-05
86.086	6.21011e-05
86.131	6.40383e-05
86.176	6.51001e-05
86.2209	6.83763e-05
86.2659	6.90371e-05
86.3109	7.07734e-05
86.3559	7.30578e-05
86.4009	7.56162e-05
86.4459	7.5876e-05
86.4909	8.08167e-05
86.5359	8.02857e-05
86.5809	8.33916e-05
86.6258	8.54748e-05
86.6708	8.73365e-05
86.7158	8.95142e-05
86.7608	9.19975e-05
86.8058	9.46281e-05
86.8508	9.44554e-05
86.8958	9.86349e-05
86.9408	0.000102783
86.9858	0.000105065
87.0307	0.000105197
87.0757	0.000108101
87.1207	0.000112733
87.1657	0.000114277
87.2107	0.000116506
87.2557	0.000120494
87.3007	0.000123903
87.3457	0.000128227
87.3907	0.000127981
87.4356	0.000130767
87.4806	0.000134481
87.5256	0.000140111
87.5706	0.00014058
87.6156	0.000144662
87.6606	0.000148217
87.7056	0.000154236
87.7506	0.000153588
87.7956	0.00015967
87.8405	0.000162603
87.8855	0.000162504
87.9305	0.000167701
87.9755	0.000173971
88.0205	0.000176493
88.0655	0.000182521
88.1105	0.000185233
88.1555	0.000187607
88.2004	0.000195909
88.2454	0.00019961
88.2904	0.000201153
88.3354	0.000209043
88.3804	0.000209586
88.4254	0.000217002
88.4704	0.000220808
88.5154	0.000225235
88.5604	0.000227452
88.6053	0.000233826
88.6503	0.000242799
88.6953	0.000243795
88.7403	0.000249969
88.7853	0.000256616
88.8303	0.000258938
88.8753	0.000263765
88.9203	0.000272917
88.9653	0.000276196
89.0102	0.000283812
89.0552	0.000285018
89.1002	0.000293507
89.1452	0.00029825
89.1902	0.000305171
89.2352	0.000307009
89.2802	0.000316772
89.3252	0.000323251
89.3702	0.000329341
89.4151	0.000334716
89.4601	0.000339754
89.5051	0.000349653
89.5501	0.000352271
89.5951	0.000355247
89.6401	0.000368177
89.6851	0.00037248
89.7301	0.000384263
89.7751	0.000391817
89.82	0.000393805
89.865	0.00040157
89.91	0.000409177
89.955	0.000418731
90.0	0.000427696
90.045	0.000427591
90.09	0.000440123
90.135	0.00044447
90.18	0.000455877
90.2249	0.000458804
90.2699	0.00046917
90.3149	0.0004796
90.3599	0.000489956
90.4049	0.000490601
90.4499	0.000500558
90.4949	0.000514367
90.5399	0.000521116
90.5849	0.000524772
90.6298	0.000535078
90.6748	0.000550394
90.7198	0.000556661
90.7648	0.000561728
90.8098	0.000569901
90.8548	0.000584272
90.8998	0.000594918
90.9448	0.000599388
90.9898	0.000605163
91.0347	0.000621894
91.0797	0.000629207
91.1247	0.000637994
91.1697	0.000650529
91.2147	0.000661359
91.2597	0.000668001
91.3047	0.000673443
91.3497	0.000691159
91.3947	0.000697403
91.4396	0.000704122
91.4846	0.000721935
91.5296	0.000732213
91.5746	0.000740734
91.6196	0.000746393
91.6646	0.000761421
91.7096	0.000774819
91.7546	0.000788038
91.7996	0.000796459
91.8445	0.000801816
91.8895	0.000816829
91.9345	0.000830685
91.9795	0.000840341
92.0245	0.000850882
92.0695	0.00086392
92.1145	0.000875633
92.1595	0.000890285
92.2044	0.000902032
92.2494	0.000911895
92.2944	0.000923728
92.3394	0.000933815
92.3844	0.000953739
92.4294	0.000957931
92.4744	0.000971602
92.5194	0.000991311
92.5644	0.000999498
92.6093	0.00101862
92.6543	0.00102844
92.6993	0.00104062
92.7443	0.0010506
92.7893	0.00106726
92.8343	0.00108087
92.8793	0.00109893
92.9243	0.00110847
92.9693	0.00112363
93.0142	0.00113197
93.0592	0.0011426
93.1042	0.0011641
93.1492	0.00117685
93.1942	0.0011894
93.2392	0.00120262
93.2842	0.00122011
93.3292	0.00123473
93.3742	0.00124409
93.4191	0.00125842
93.4641	0.00127372
93.5091	0.00128728
93.5541	0.00130598
93.5991	0.00132508
93.6441	0.00133512
93.6891	0.00134912
93.7341	0.00136116
93.7791	0.00137482
93.824	0.00140158
93.869	0.00140573
93.914	0.00142205
93.959	0.0014368
94.004	0.001457
94.049	0.00147514
94.094	0.00148328
94.139	0.00150296
94.184	0.00151835
94.2289	0.00153785
94.2739	0.00154095
94.3189	0.00156824
94.3639	0.00157973
94.4089	0.00160148
94.4539	0.00161804
94.4989	0.00162942
94.5439	0.00164634
94.5889	0.00166097
94.6338	0.00167151
94.6788	0.00170109
94.7238	0.00170195
94.7688	0.0017312
94.8138	0.00174256
94.8588	0.00176666
94.9038	0.00177886
94.9488	0.00179184
94.9938	0.00181074
95.0387	0.00183299
95.0837	0.00184619
95.1287	0.00187369
95.1737	0.0018808
95.2187	0.00190272
95.2637	0.00192842
95.3087	0.00193573
95.3537	0.00194941
95.3987	0.00197253
95.4436	0.0019839
95.4886	0.00200246
95.5336	0.002024
95.5786	0.00204591
95.6236	0.00205367
95.6686	0.00208454
95.7136	0.00210239
95.7586	0.00212209
95.8035	0.00214116
95.8485	0.00214455
95.8935	0.0021661
95.9385	0.00218537
95.9835	0.00220615
96.0285	0.00221944
96.0735	0.00223421
96.1185	0.00225555
96.1635	0.00228296
96.2084	0.00229918
96.2534	0.00231808
96.2984	0.00234479
96.3434	0.0023545
96.3884	0.00238152
96.4334	0.00239445
96.4784	0.00240663
96.5234	0.00242836
96.5684	0.00245434
96.6133	0.00246536
96.6583	0.0024956
96.7033	0.00250611
96.7483	0.00253096
96.7933	0.00254412
96.8383	0.00256137
96.8833	0.00258555
96.9283	0.00259908
96.9733	0.00262321
97.0182	0.0026407
97.0632	0.00266279
97.1082	0.00268164
97.1532	0.00270595
97.1982	0.002716
97.2432	0.00274113
97.2882	0.00277632
97.3332	0.00277249
97.3782	0.00278921
97.4231	0.00282284
97.4681	0.00284505
97.5131	0.00285437
97.5581	0.00288486
97.6031	0.00290006
97.6481	0.00292362
97.6931	0.00295234
97.7381	0.00297189
97.7831	0.00298211
97.828	0.0029986
97.873	0.00301893
97.918	0.00304555
97.963	0.00306556
98.008	0.00308693
98.053	0.00310442
98.098	0.00312855
98.143	0.00314949
98.188	0.00316256
98.2329	0.0031898
98.2779	0.00319964
98.3229	0.00323547
98.3679	0.00324509
98.4129	0.00328416
98.4579	0.00328683
98.5029	0.00331399
98.5479	0.00332602
98.5929	0.00335062
98.6378	0.00337972
98.6828	0.00339912
98.7278	0.00341992
98.7728	0.00343997
98.8178	0.00345667
98.8628	0.00348564
98.9078	0.00349985
98.9528	0.00352631
98.9978	0.00354552
99.0427	0.00356491
99.0877	0.00359159
99.1327	0.00360818
99.1777	0.00363245
99.2227	0.00365474
99.2677	0.00368161
99.3127	0.00369701
99.3577	0.00370892
99.4026	0.00372994
99.4476	0.00375891
99.4926	0.00377272
99.5376	0.00380994
99.5826	0.00382591
99.6276	0.00385715
99.6726	0.00387399
99.7176	0.00390188
99.7626	0.00391056
99.8075	0.00392544
99.8525	0.00395309
99.8975	0.00397383
99.9425	0.00398987
99.9875	0.00402887
100.032	0.0040437
100.077	0.00406525
100.122	0.00409175
100.167	0.00409984
100.212	0.00414925
100.257	0.00414517
100.302	0.00417188
100.347	0.00419931
100.392	0.00422688
100.437	0.004237
100.482	0.00426667
100.527	0.00427995
100.572	0.00430969
100.617	0.00432439
100.662	0.00435907
100.707	0.00437667
100.752	0.00440063
100.797	0.00442968
100.842	0.00444337
100.887	0.00446503
100.932	0.00447793
100.977	0.00451575
101.022	0.00452567
101.067	0.00455758
101.112	0.00457243
101.157	0.00460173
101.202	0.00462752
101.247	0.0046479
101.292	0.00466873
101.337	0.00469884
101.382	0.00470974
101.427	0.0047318
101.472	0.00476283
101.517	0.00478823
101.562	0.00480223
101.607	0.00483151
101.652	0.00485081
101.697	0.00488424
101.742	0.00489756
101.787	0.00492774
101.832	0.00493554
101.877	0.00496187
101.922	0.00498995
101.967	0.00501885
102.012	0.00503066
102.057	0.00506176
102.102	0.00507983
102.147	0.0051005
102.192	0.00511449
102.237	0.0051496
102.282	0.00516258
102.327	0.00518906
102.372	0.00521857
102.417	0.0052282
102.462	0.00525842
102.507	0.00527926
102.552	0.00529692
102.597	0.00531585
102.642	0.00535078
102.687	0.00538671
102.732	0.00539897
102.777	0.00541253
102.822	0.00544343
102.867	0.00546018
102.912	0.00548511
102.957	0.0055184
103.002	0.00552088
103.047	0.00554277
103.092	0.00556516
103.137	0.0055958
103.182	0.00561707
103.227	0.00563909
103.272	0.00566472
103.317	0.00568812
103.362	0.00571342
103.407	0.00574299
103.452	0.0057399
103.497	0.00575865
103.542	0.00579769
103.587	0.00581119
103.632	0.00583731
103.677	0.00585593
103.722	0.00587373
103.767	0.00591161
103.812	0.00594081
103.857	0.00595014
103.902	0.0059763
103.947	0.00598639
103.992	0.0060112
104.036	0.0060483
104.081	0.0060599
104.126	0.00607063
104.171	0.00610299
104.216	0.0061096
104.261	0.00613992
104.306	0.00617566
104.351	0.00617912
104.396	0.00620729
104.441	0.00622442
104.486	0.00625001
104.531	0.00626964
104.576	0.00629417
104.621	0.00631617
104.666	0.00633081
104.711	0.00635438
104.756	0.00636615
104.801	0.0063939
104.846	0.00641391
104.891	0.0064244
104.936	0.00644809
104.981	0.00647683
105.026	0.00648416
105.071	0.00651406
105.116	0.00653045
105.161	0.0065532
105.206	0.00656123
105.251	0.00659388
105.296	0.00661232
105.341	0.00663525
105.386	0.0066402
105.431	0.0066601
105.476	0.00667322
105.521	0.00667994
105.566	0.00671737
105.611	0.00674422
105.656	0.00674922
105.701	0.00677778
105.746	0.00678799
105.791	0.00681314
105.836	0.00682449
105.881	0.006839
105.926	0.00683993
105.971	0.00689259
106.016	0.00689185
106.061	0.00690059
106.106	0.00691576
106.151	0.00694286
106.196	0.00695588
106.241	0.00696484
106.286	0.00697742
106.331	0.00700297
106.376	0.00701948
106.421	0.00704119
106.466	0.00706275
106.511	0.00706227
106.556	0.00708037
106.601	0.00709712
106.646	0.00712252
106.691	0.0071213
106.736	0.00714659
106.781	0.00714674
106.826	0.00716435
106.871	0.007174
106.916	0.00719908
106.961	0.00720515
107.006	0.00721547
107.051	0.00725096
107.096	0.00722483
107.141	0.00723938
107.186	0.00727274
107.231	0.00728301
107.276	0.00729526
107.321	0.00730282
107.366	0.00732426
107.411	0.00733113
107.456	0.00734032
107.501	0.00735573
107.546	0.00735086
107.591	0.0073764
107.636	0.0073775
107.681	0.00740058
107.726	0.00739579
107.771	0.00741309
107.816	0.00741585
107.861	0.00742518
107.906	0.00743792
107.951	0.00744225
107.996	0.00745963
108.04	0.00745598
108.085	0.00747835
108.13	0.00748298
108.175	0.00747208
108.22	0.00747436
108.265	0.00749383
108.31	0.00749963
108.355	0.00749602
108.4	0.00751746
108.445	0.00752536
108.49	0.00753303
108.535	0.00754736
108.58	0.00753041
108.625	0.0075492
108.67	0.0075483
108.715	0.00754722
108.76	0.00755859
108.805	0.00755066
108.85	0.00754543
108.895	0.00755312
108.94	0.00759722
108.985	0.00756593
109.03	0.00756611
109.075	0.00758781
109.12	0.00758115
109.165	0.00757897
109.21	0.00756753
109.255	0.00760408
109.3	0.00758039
109.345	0.00759226
109.39	0.00758462
109.435	0.00758487
109.48	0.00757845
109.525	0.00757639
109.57	0.00757863
109.615	0.00758185
109.66	0.00758437
109.705	0.00758904
109.75	0.00759252
109.795	0.00757528
109.84	0.00757964
109.885	0.00755716
109.93	0.00757087
109.975	0.00756315
110.02	0.00755309
110.065	0.00757047
110.11	0.00756216
110.155	0.00756547
110.2	0.0075371
110.245	0.00755676
110.29	0.0075393
110.335	0.00752423
110.38	0.00754652
110.425	0.00753479
110.47	0.007532
110.515	0.00752885
110.56	0.00751219
110.605	0.00749861
110.65	0.00749103
110.695	0.00750446
110.74	0.00748856
110.785	0.00748652
110.83	0.00747954
110.875	0.00745046
110.92	0.00745427
110.965	0.00743916
111.01	0.00743392
111.055	0.00743508
111.1	0.00741915
111.145	0.00740039
111.19	0.00737183
111.235	0.0073797
111.28	0.00738539
111.325	0.00737682
111.37	0.00736103
111.415	0.00735686
111.46	0.00734505
111.505	0.00732385
111.55	0.00730621
111.595	0.0073008
111.64	0.007304
111.685	0.0072715
111.73	0.00724968
111.775	0.00725611
111.82	0.00723586
111.865	0.00721847
111.91	0.00721759
111.955	0.00719029
112.0	0.00718705
112.044	0.00715085
112.089	0.00714544
112.134	0.00713289
112.179	0.00713435
112.224	0.0071125
112.269	0.00710111
112.314	0.0070986
112.359	0.00706261
112.404	0.00704658
112.449	0.00702933
112.494	0.0070138
112.539	0.00700208
112.584	0.00697397
112.629	0.00697486
112.674	0.00696141
112.719	0.00693055
112.764	0.00691196
112.809	0.00689871
112.854	0.00686716
112.899	0.00686125
112.944	0.00685094
112.989	0.00682626
113.034	0.00680747
113.079	0.006787
113.124	0.00676878
113.169	0.00675983
113.214	0.00672356
113.259	0.00671284
113.304	0.00669693
113.349	0.00668411
113.394	0.00667141
113.439	0.00663498
113.484	0.00662318
113.529	0.00659317
113.574	0.00657351
113.619	0.00656353
113.664	0.00653339
113.709	0.00651929
113.754	0.00650004
113.799	0.0064702
113.844	0.00645371
113.889	0.00643614
113.934	0.006427
113.979	0.00639403
114.024	0.00638341
114.069	0.00633984
114.114	0.00632197
114.159	0.00630768
114.204	0.00626881
114.249	0.00627099
114.294	0.00624286
114.339	0.00621222
114.384	0.00617457
114.429	0.00617343
114.474	0.00615551
114.519	0.00613025
114.564	0.00611408
114.609	0.00607894
114.654	0.006036
114.699	0.0060357
114.744	0.00600922
114.789	0.00598418
114.834	0.00596681
114.879	0.00594989
114.924	0.00592425
114.969	0.0058772
115.014	0.0058574
115.059	0.00584702
115.104	0.0058222
115.149	0.00580956
115.194	0.00578435
115.239	0.0057388
115.284	0.00571083
115.329	0.0057028
115.374	0.00568054
115.419	0.00564529
115.464	0.00562751
115.509	0.00561237
115.554	0.00557492
115.599	0.0055514
115.644	0.00552293
115.689	0.00551651
115.734	0.0054627
115.779	0.0054454
115.824	0.00543254
115.869	0.00540892
115.914	0.00538686
115.959	0.00534297
116.003	0.00533391
116.048	0.00530975
116.093	0.00528951
116.138	0.00524373
116.183	0.00521916
116.228	0.00519472
116.273	0.00517907
116.318	0.00515124
116.363	0.0051451
116.408	0.00510696
116.453	0.00508682
116.498	0.00505348
116.543	0.00503064
116.588	0.0049957
116.633	0.00496441
116.678	0.00495173
116.723	0.004926
116.768	0.00489383
116.813	0.00487686
116.858	0.00486031
116.903	0.00481638
116.948	0.0047921
116.993	0.00479798
117.038	0.00474201
117.083	0.00471997
117.128	0.00468906
117.173	0.00466029
117.218	0.00465034
117.263	0.00462882
117.308	0.00458049
117.353	0.00457986
117.398	0.00454771
117.443	0.00452659
117.488	0.00449835
117.533	0.00447129
117.578	0.00443616
117.623	0.00443885
117.668	0.00440339
117.713	0.00437654
117.758	0.00434425
117.803	0.00431613
117.848	0.00429461
117.893	0.00426264
117.938	0.0042443
117.983	0.00422353
118.028	0.0041945
118.073	0.00418167
118.118	0.0041413
118.163	0.004123
118.208	0.00410708
118.253	0.00407424
118.298	0.00405455
118.343	0.00401953
118.388	0.00400896
118.433	0.00399434
118.478	0.00396308
118.523	0.00393046
118.568	0.00390373
118.613	0.0038787
118.658	0.00385574
118.703	0.00384316
118.748	0.00380456
118.793	0.00378801
118.838	0.00375256
118.883	0.00373744
118.928	0.00370918
118.973	0.00369602
119.018	0.00366909
119.063	0.00365225
119.108	0.00361357
119.153	0.00360423
119.198	0.00357243
119.243	0.00355231
119.288	0.00353064
119.333	0.00351984
119.378	0.00347863
119.423	0.00346658
119.468	0.00344345
119.513	0.00341231
119.558	0.00339234
119.603	0.00338778
119.648	0.00335395
119.693	0.0033159
119.738	0.00330021
119.783	0.00328577
119.828	0.00325719
119.873	0.00323134
119.918	0.00321462
119.963	0.003192
120.007	0.0031763
120.052	0.00314847
120.097	0.00313168
120.142	0.00311279
120.187	0.0030838
120.232	0.00306551
120.277	0.00304756
120.322	0.00301723
120.367	0.00300255
120.412	0.00297989
120.457	0.00296034
120.502	0.00294142
120.547	0.00292387
120.592	0.00290111
120.637	0.00287612
120.682	0.00285467
120.727	0.00284223
120.772	0.00281591
120.817	0.00279849
120.862	0.00277381
120.907	0.00275972
120.952	0.00274132
120.997	0.00271949
121.042	0.00268736
121.087	0.00268213
121.132	0.00265579
121.177	0.00263879
121.222	0.00261007
121.267	0.00259422
121.312	0.00259523
121.357	0.0025619
121.402	0.00254235
121.447	0.00252497
121.492	0.00250144
121.537	0.00248788
121.582	0.0024661
121.627	0.00243468
121.672	0.00242799
121.717	0.00240958
121.762	0.00238015
121.807	0.00237112
121.852	0.00236133
121.897	0.00233808
121.942	0.00232106
121.987	0.00230535
122.032	0.00228549
122.077	0.00227169
122.122	0.00225051
122.167	0.00223226
122.212	0.00221888
122.257	0.00219065
122.302	0.00217646
122.347	0.00216866
122.392	0.00214
122.437	0.00213397
122.482	0.00211766
122.527	0.00209979
122.572	0.00207137
122.617	0.00206452
122.662	0.00205011
122.707	0.00203168
122.752	0.00201239
122.797	0.00200874
122.842	0.00199342
122.887	0.00197672
122.932	0.00195964
122.977	0.00193548
123.022	0.0019266
123.067	0.00190313
123.112	0.00189298
123.157	0.00187831
123.202	0.00186584
123.247	0.00184536
123.292	0.0018354
123.337	0.0018141
123.382	0.00180164
123.427	0.00179737
123.472	0.00176215
123.517	0.00175674
123.562	0.00174504
123.607	0.00173758
123.652	0.00170677
123.697	0.00169317
123.742	0.00169165
123.787	0.00167984
123.832	0.00166565
123.877	0.00164659
123.922	0.00163654
123.967	0.00162443
124.011	0.00160971
124.056	0.00159632
124.101	0.0015835
124.146	0.00156806
124.191	0.00155616
124.236	0.00154225
124.281	0.00152874
124.326	0.00151641
124.371	0.00150189
124.416	0.00149769
124.461	0.00148302
124.506	0.00146505
124.551	0.0014637
124.596	0.00144181
124.641	0.0014389
124.686	0.00142363
124.731	0.00140748
124.776	0.00140403
124.821	0.0013815
124.866	0.00137542
124.911	0.00135791
124.956	0.00134825
125.001	0.00134202
125.046	0.00132719
125.091	0.00131454
125.136	0.00130516
125.181	0.00129008
125.226	0.00128202
125.271	0.00127611
125.316	0.00126068
125.361	0.00125091
125.406	0.00123815
125.451	0.00123442
125.496	0.00122068
125.541	0.00120846
125.586	0.00119334
125.631	0.00118737
125.676	0.00117997
125.721	0.00117326
125.766	0.00115465
125.811	0.00114715
125.856	0.00113975
125.901	0.00113098
125.946	0.00111753
125.991	0.00110814
126.036	0.00108943
126.081	0.00109281
126.126	0.0010743
126.171	0.00107029
126.216	0.00106387
126.261	0.00105253
126.306	0.00104149
126.351	0.00104141
126.396	0.00102686
126.441	0.00101998
126.486	0.00100331
126.531	0.00100067
126.576	0.000987729
126.621	0.000981042
126.666	0.000973508
126.711	0.000962173
126.756	0.000956906
126.801	0.000952776
126.846	0.000946749
126.891	0.000927821
126.936	0.000926223
126.981	0.000914085
127.026	0.000912267
127.071	0.000904698
127.116	0.000891973
127.161	0.000883235
127.206	0.000883788
127.251	0.00087415
127.296	0.000860135
127.341	0.000851531
127.386	0.000849327
127.431	0.000841344
127.476	0.000832966
127.521	0.000818901
127.566	0.000820019
127.611	0.000807525
127.656	0.000806419
127.701	0.000804261
127.746	0.000792388
127.791	0.000784348
127.836	0.000775193
127.881	0.000767161
127.926	0.000761321
127.971	0.000759144
128.015	0.000748591
128.06	0.000742903
128.105	0.00073519
128.15	0.000733556
128.195	0.000724342
128.24	0.000718467
128.285	0.000711579
128.33	0.000711725
128.375	0.000700356
128.42	0.000690491
128.465	0.000689887
128.51	0.000680474
128.555	0.000676903
128.6	0.00066898
128.645	0.000660683
128.69	0.000661111
128.735	0.000650277
128.78	0.000644235
128.825	0.000639874
128.87	0.000642131
128.915	0.000634775
128.96	0.000624853
129.005	0.000621878
129.05	0.000617803
129.095	0.000611513
129.14	0.00060166
129.185	0.000601258
129.23	0.00059966
129.275	0.000584209
129.32	0.00058453
129.365	0.000582756
129.41	0.00057289
129.455	0.000568054
129.5	0.000565654
129.545	0.000564151
129.59	0.000552119
129.635	0.000548884
129.68	0.000539028
129.725	0.000543744
129.77	0.000534215
129.815	0.000530948
129.86	0.000526334
129.905	0.000522633
129.95	0.000521947
129.995	0.000514503
130.04	0.000509069
130.085	0.000509103
130.13	0.000499352
130.175	0.000497672
130.22	0.000491925
130.265	0.000489481
130.31	0.000486371
130.355	0.000480274
130.4	0.000476325
130.445	0.000476077
130.49	0.000470641
130.535	0.000467717
130.58	0.000461048
130.625	0.000462551
130.67	0.000456218
130.715	0.000454735
130.76	0.000445707
130.805	0.000445565
130.85	0.000436435
130.895	0.000437874
130.94	0.000438102
130.985	0.000431083
131.03	0.000426802
131.075	0.000424763
131.12	0.00041705
131.165	0.000418315
131.21	0.000413791
131.255	0.000409037
131.3	0.000402722
131.345	0.000408158
131.39	0.000401806
131.435	0.000396611
131.48	0.000394077
131.525	0.000393044
131.57	0.000387087
131.615	0.000386217
131.66	0.000380177
131.705	0.000384093
131.75	0.000377155
131.795	0.000372169
131.84	0.000370933
131.885	0.00036988
131.93	0.000363267
131.975	0.000362674
132.019	0.000361755
132.064	0.000360098
132.109	0.000352808
132.154	0.000354889
132.199	0.000348651
132.244	0.000343768
132.289	0.000347413
132.334	0.000346067
132.379	0.000337526
132.424	0.000338595
132.469	0.000335899
132.514	0.000334742
132.559	0.000327698
132.604	0.000330593
132.649	0.00033016
132.694	0.000325259
132.739	0.000323117
132.784	0.000320441
132.829	0.000318163
132.874	0.00031907
132.919	0.000317651
132.964	0.000311398
133.009	0.000311223
133.054	0.00030968
133.099	0.000304431
133.144	0.000304612
133.189	0.000302253
133.234	0.000298764
133.279	0.000293724
133.324	0.000298599
133.369	0.00029041
133.414	0.000290075
133.459	0.000288986
133.504	0.000289158
133.549	0.000285352
133.594	0.000286001
133.639	0.000286056
133.684	0.000281497
133.729	0.000281112
133.774	0.000278627
133.819	0.000279523
133.864	0.000273064
133.909	0.000271634
133.954	0.000274368
133.999	0.000269208
134.044	0.000268124
134.089	0.0002672
134.134	0.000266099
134.179	0.000265421
134.224	0.00026188
134.269	0.000260625
134.314	0.000265884
134.359	0.000257316
134.404	0.000256675
134.449	0.000252332
134.494	0.000259003
134.539	0.00025535
134.584	0.000250982
134.629	0.000251236
134.674	0.000249492
134.719	0.000250826
134.764	0.000250133
134.809	0.000247851
134.854	0.000242419
134.899	0.000245327
134.944	0.000243809
134.989	0.000236621
135.034	0.000241974
135.079	0.000238126
135.124	0.000237702
135.169	0.000237233
135.214	0.000235748
135.259	0.000236144
135.304	0.000237468
135.349	0.00023297
135.394	0.000235958
135.439	0.000234646
135.484	0.000229941
135.529	0.000229749
135.574	0.000229602
135.619	0.000228041
135.664	0.000233103
135.709	0.000226826
135.754	0.000226074
135.799	0.000226271
135.844	0.000228161
135.889	0.000224219
135.934	0.000223886
135.979	0.000223023
136.023	0.000222311
136.068	0.000223523
136.113	0.000220852
136.158	0.000221625
136.203	0.000220651
136.248	0.000222201
136.293	0.000224181
136.338	0.000220524
136.383	0.000219714
136.428	0.000216094
136.473	0.000217342
136.518	0.000218241
136.563	0.000217672
136.608	0.000218603
136.653	0.000216762
136.698	0.00021955
136.743	0.000215465
136.788	0.000216183
136.833	0.000216348
136.878	0.000215175
136.923	0.000216773
136.968	0.00021347
137.013	0.000218295
137.058	0.000214572
137.103	0.000215232
137.148	0.00021642
137.193	0.000218462
137.238	0.00021454
137.283	0.000212923
137.328	0.000215402
137.373	0.000214653
137.418	0.000211711
137.463	0.000214834
137.508	0.000215641
137.553	0.000213659
137.598	0.00021559
137.643	0.000214355
137.688	0.000215618
137.733	0.000214959
137.778	0.000211513
137.823	0.000216899
137.868	0.000214217
137.913	0.000217009
137.958	0.000215187
138.003	0.000214273
138.048	0.000216176
138.093	0.000215971
138.138	0.000213874
138.183	0.000214472
138.228	0.000216382
138.273	0.000216826
138.318	0.000218662
138.363	0.000219156
138.408	0.000216402
138.453	0.000216245
138.498	0.000217453
138.543	0.00021798
138.588	0.000220655
138.633	0.000215932
138.678	0.00022073
138.723	0.000218743
138.768	0.000218587
138.813	0.000223481
138.858	0.000223986
138.903	0.000221642
138.948	0.000222995
138.993	0.000222876
139.038	0.000222997
139.083	0.000224725
139.128	0.000227164
139.173	0.000226148
139.218	0.000229301
139.263	0.000228349
139.308	0.000224152
139.353	0.000229768
139.398	0.000227133
139.443	0.00023019
139.488	0.000233349
139.533	0.000233223
139.578	0.00023227
139.623	0.000234856
139.668	0.000238227
139.713	0.000236592
139.758	0.000232235
139.803	0.000234815
139.848	0.000237481
139.893	0.000243256
139.938	0.000243286
139.983	0.000238605
140.027	0.000244463
140.072	0.000239642
140.117	0.000245037
140.162	0.000244265
140.207	0.000245416
140.252	0.000253267
140.297	0.000251497
140.342	0.000252494
140.387	0.000255242
140.432	0.000254014
140.477	0.000252271
140.522	0.000252992
140.567	0.000259793
140.612	0.000255681
140.657	0.000258996
140.702	0.000259627
140.747	0.000263185
140.792	0.000263172
140.837	0.000266775
140.882	0.000270368
140.927	0.000274853
140.972	0.000268987
141.017	0.000268997
141.062	0.000272288
141.107	0.00027376
141.152	0.000276006
141.197	0.00027589
141.242	0.000280849
141.287	0.000278953
141.332	0.000284094
141.377	0.000286025
141.422	0.000289192
141.467	0.000284849
141.512	0.000288985
141.557	0.00029247
141.602	0.000293149
141.647	0.00029673
141.692	0.000292713
141.737	0.000299003
141.782	0.000304913
141.827	0.000301319
141.872	0.00030554
141.917	0.000309292
141.962	0.000311823
142.007	0.000311401
142.052	0.000308651
142.097	0.00031751
142.142	0.000319819
142.187	0.000321138
142.232	0.000320072
142.277	0.000325212
142.322	0.000325336
142.367	0.000330269
142.412	0.000335073
142.457	0.000334034
142.502	0.000338784
142.547	0.000338871
142.592	0.000339029
142.637	0.000344995
142.682	0.000348145
142.727	0.000347843
142.772	0.000346342
142.817	0.00035208
142.862	0.000352863
142.907	0.000359929
142.952	0.000361701
142.997	0.000365452
143.042	0.000367181
143.087	0.000372067
143.132	0.000371088
143.177	0.000373303
143.222	0.000383625
143.267	0.000386791
143.312	0.000380013
143.357	0.000387713
143.402	0.000392694
143.447	0.000395283
143.492	0.000392094
143.537	0.00040331
143.582	0.000401418
143.627	0.000407754
143.672	0.000405703
143.717	0.000417232
143.762	0.000412837
143.807	0.000419998
143.852	0.000423499
143.897	0.000423652
143.942	0.000424984
143.987	0.000433675
144.031	0.000435829
144.076	0.000436821
144.121	0.000441335
144.166	0.000445661
144.211	0.000449691
144.256	0.000454703
144.301	0.000460122
144.346	0.000460247
144.391	0.000464366
144.436	0.000467987
144.481	0.000478844
144.526	0.000478265
144.571	0.000481352
144.616	0.0004875
144.661	0.000488439
144.706	0.000489054
144.751	0.00049999
144.796	0.000499469
144.841	0.000502931
144.886	0.000507023
144.931	0.000510209
144.976	0.000515163
145.021	0.000523578
145.066	0.000526666
145.111	0.000530791
145.156	0.000533176
145.201	0.000535972
145.246	0.000542264
145.291	0.000548884
145.336	0.000553263
145.381	0.000559689
145.426	0.000562904
145.471	0.000572327
145.516	0.000565845
145.561	0.000578307
145.606	0.000581485
145.651	0.000583683
145.696	0.000592233
145.741	0.000593514
145.786	0.000602003
145.831	0.000609519
145.876	0.000610844
145.921	0.000616416
145.966	0.000619013
146.011	0.000623423
146.056	0.000637096
146.101	0.0006415
146.146	0.000647049
146.191	0.000646805
146.236	0.000655781
146.281	0.000660476
146.326	0.000671958
146.371	0.000670262
146.416	0.000684104
146.461	0.000685485
146.506	0.000692209
146.551	0.000699694
146.596	0.000704331
146.641	0.00071116
146.686	0.000710745
146.731	0.000718769
146.776	0.000726141
146.821	0.00072634
146.866	0.0007332
146.911	0.000744029
146.956	0.000742302
147.001	0.000757999
147.046	0.000758975
147.091	0.000773375
147.136	0.000779415
147.181	0.000778402
147.226	0.00079914
147.271	0.000794316
147.316	0.000798347
147.361	0.000814738
147.406	0.000823923
147.451	0.000821103
147.496	0.000829614
147.541	0.000838226
147.586	0.000852453
147.631	0.000851052
147.676	0.000865214
147.721	0.000864378
147.766	0.000881414
147.811	0.000885298
147.856	0.000887848
147.901	0.000896127
147.946	0.000910197
147.991	0.000918924
148.035	0.000912765
148.08	0.00093119
148.125	0.000942847
148.17	0.000952559
148.215	0.000960238
148.26	0.000964777
148.305	0.000974575
148.35	0.000976538
148.395	0.000986418
148.44	0.000996806
148.485	0.00101312
148.53	0.00101881
148.575	0.00103502
148.62	0.00103225
148.665	0.00104477
148.71	0.00105335
148.755	0.00105345
148.8	0.00106847
148.845	0.00108119
148.89	0.00109007
148.935	0.00110719
148.98	0.00110623
149.025	0.00112049
149.07	0.00113111
149.115	0.00114217
149.16	0.00114942
149.205	0.00116667
149.25	0.00116852
149.295	0.00117808
149.34	0.00118612
149.385	0.00119505
149.43	0.00120856
149.475	0.00121559
149.52	0.00122558
149.565	0.00123459
149.61	0.00125523
149.655	0.00126822
149.7	0.00127527
149.745	0.00127934
149.79	0.00129826
149.835	0.00130856
149.88	0.00132322
149.925	0.00133638
149.97	0.00133844
150.015	0.00134784
150.06	0.0013738
150.105	0.0013796
150.15	0.0013831
150.195	0.00139956
150.24	0.00142051
150.285	0.00143523
150.33	0.00144947
150.375	0.00144768
150.42	0.00147083
150.465	0.00147955
150.51	0.00148791
150.555	0.00150646
150.6	0.00151799
150.645	0.00152109
150.69	0.00154255
150.735	0.00156175
150.78	0.00157886
150.825	0.0015933
150.87	0.00160287
150.915	0.00161152
150.96	0.00162396
151.005	0.00165129
151.05	0.00164718
151.095	0.00166805
151.14	0.00167805
151.185	0.00170278
151.23	0.00170233
151.275	0.00172312
151.32	0.00174142
151.365	0.00175975
151.41	0.0017768
151.455	0.00178824
151.5	0.00180214
151.545	0.00182677
151.59	0.00182926
151.635	0.00185458
151.68	0.00186724
151.725	0.00188369
151.77	0.00190562
151.815	0.00191401
151.86	0.0019402
151.905	0.00195453
151.95	0.00196977
151.995	0.0019794
152.039	0.00198912
152.084	0.00202266
152.129	0.00203554
152.174	0.00206305
152.219	0.00206723
152.264	0.00209707
152.309	0.00210539
152.354	0.00212596
152.399	0.00212436
152.444	0.00217437
152.489	0.00218389
152.534	0.00221164
152.579	0.00220827
152.624	0.00224299
152.669	0.00225655
152.714	0.00228081
152.759	0.00230222
152.804	0.00232477
152.849	0.00233751
152.894	0.00235865
152.939	0.00237515
152.984	0.00238421
153.029	0.00241466
153.074	0.00243861
153.119	0.00245926
153.164	0.0024827
153.209	0.00250052
153.254	0.00252417
153.299	0.00254146
153.344	0.00257916
153.389	0.00259427
153.434	0.00262262
153.479	0.00262779
153.524	0.00265678
153.569	0.00268223
153.614	0.00269765
153.659	0.00273492
153.704	0.00275259
153.749	0.00277257
153.794	0.00280047
153.839	0.00281852
153.884	0.00285468
153.929	0.00289671
153.974	0.00288741
154.019	0.00291248
154.064	0.00294694
154.109	0.00296544
154.154	0.00301061
154.199	0.00302961
154.244	0.00304796
154.289	0.00308477
154.334	0.00310597
154.379	0.00313626
154.424	0.00315579
154.469	0.00319396
154.514	0.00321027
154.559	0.00324406
154.604	0.00327214
154.649	0.00329241
154.694	0.00331803
154.739	0.00335341
154.784	0.00339032
154.829	0.00343122
154.874	0.00343024
154.919	0.00346638
154.964	0.0035008
155.009	0.00352842
155.054	0.00356441
155.099	0.00360035
155.144	0.00362623
155.189	0.00364181
155.234	0.00370528
155.279	0.00372924
155.324	0.00374894
155.369	0.00378053
155.414	0.00381147
155.459	0.00385068
155.504	0.00388224
155.549	0.0039332
155.594	0.00396865
155.639	0.00398444
155.684	0.0040164
155.729	0.00406095
155.774	0.00408498
155.819	0.00410831
155.864	0.00416674
155.909	0.00419396
155.954	0.00424379
155.999	0.00424605
156.043	0.00430253
156.088	0.00433766
156.133	0.00438609
156.178	0.00441478
156.223	0.00443528
156.268	0.00446809
156.313	0.00452918
156.358	0.00456026
156.403	0.00460037
156.448	0.00464671
156.493	0.00468918
156.538	0.00473302
156.583	0.00474775
156.628	0.00478054
156.673	0.00483322
156.718	0.0048615
156.763	0.00491941
156.808	0.00500142
156.853	0.00502027
156.898	0.00505517
156.943	0.0050922
156.988	0.00515728
157.033	0.0051787
157.078	0.00522603
157.123	0.00527037
157.168	0.00529807
157.213	0.0053748
157.258	0.00541819
157.303	0.00544709
157.348	0.00547614
157.393	0.00552714
157.438	0.00558226
157.483	0.00565781
157.528	0.00568556
157.573	0.0057607
157.618	0.00578657
157.663	0.00586532
157.708	0.00586995
157.753	0.00593039
157.798	0.00597869
157.843	0.00600885
157.888	0.00610575
157.933	0.00614755
157.978	0.0061867
158.023	0.00624266
158.068	0.00629644
158.113	0.00636915
158.158	0.00639964
158.203	0.00644558
158.248	0.00651943
158.293	0.0065689
158.338	0.00661176
158.383	0.00669552
158.428	0.00672547
158.473	0.00680091
158.518	0.00684925
158.563	0.00691655
158.608	0.0069556
158.653	0.00699645
158.698	0.00707122
158.743	0.00712255
158.788	0.00718794
158.833	0.00725427
158.878	0.00729222
158.923	0.00739755
158.968	0.00744062
159.013	0.00751334
159.058	0.00756694
159.103	0.00761501
159.148	0.00770517
159.193	0.00776217
159.238	0.00781021
159.283	0.00789448
159.328	0.00794358
159.373	0.00799569
159.418	0.0080523
159.463	0.00817539
159.508	0.00823314
159.553	0.00830695
159.598	0.00836309
159.643	0.00844585
159.688	0.00848971
159.733	0.0085881
159.778	0.00863237
159.823	0.00874004
159.868	0.00881101
159.913	0.00885676
159.958	0.00891669
160.002	0.00900082
160.047	0.00909423
160.092	0.00914497
160.137	0.00924809
160.182	0.00930576
160.227	0.00934459
160.272	0.00945835
160.317	0.00954009
160.362	0.00960251
160.407	0.00969018
160.452	0.00974759
160.497	0.00985373
160.542	0.00994076
160.587	0.00998298
160.632	0.0101078
160.677	0.0101648
160.722	0.0102528
160.767	0.0103138
160.812	0.0104186
160.857	0.0104725
160.902	0.0106061
160.947	0.0106807
160.992	0.0107605
161.037	0.0108345
161.082	0.0109228
161.127	0.0110273
161.172	0.0110779
161.217	0.0111697
161.262	0.0113105
161.307	0.0113965
161.352	0.0114739
161.397	0.0115819
161.442	0.0116925
161.487	0.0117407
161.532	0.0118829
161.577	0.0119532
161.622	0.0120685
161.667	0.0121469
161.712	0.0122588
161.757	0.0123053
161.802	0.0124293
161.847	0.0125441
161.892	0.0126455
161.937	0.0127367
161.982	0.012829
162.027	0.0129662
162.072	0.0130236
162.117	0.013129
162.162	0.0132212
162.207	0.013387
162.252	0.013475
162.297	0.0135425
162.342	0.0136838
162.387	0.0137912
162.432	0.013918
162.477	0.0139964
162.522	0.0140995
162.567	0.0141878
162.612	0.014317
162.657	0.0144453
162.702	0.0145657
162.747	0.0146625
162.792	0.0148277
162.837	0.0148945
162.882	0.0149831
162.927	0.0150974
162.972	0.0152799
163.017	0.0153593
163.062	0.0154613
163.107	0.0156031
163.152	0.0157269
163.197	0.0158597
163.242	0.0159652
163.287	0.0159961
163.332	0.0161471
163.377	0.0162973
163.422	0.0164539
163.467	0.0165378
163.512	0.0167207
163.557	0.016827
163.602	0.0169118
163.647	0.0171154
163.692	0.0172003
163.737	0.0173238
163.782	0.0174404
163.827	0.0175901
163.872	0.01767
163.917	0.0178534
163.962	0.0179944
164.006	0.0181529
164.051	0.0182081
164.096	0.0184015
164.141	0.0185291
164.186	0.0186734
164.231	0.0187924
164.276	0.0189591
164.321	0.0191077
164.366	0.0192351
164.411	0.0193632
164.456	0.0195299
164.501	0.0196807
164.546	0.0197944
164.591	0.0199352
164.636	0.0201795
164.681	0.020208
164.726	0.0203694
164.771	0.0205384
164.816	0.0206848
164.861	0.0208406
164.906	0.0209573
164.951	0.0210743
164.996	0.0212538
165.041	0.021381
165.086	0.0215484
165.131	0.0217381
165.176	0.0218898
165.221	0.0220656
165.266	0.0222235
165.311	0.0223093
165.356	0.0225093
165.401	0.0226714
165.446	0.0228202
165.491	0.0229114
165.536	0.0231128
165.581	0.023267
165.626	0.0234334
165.671	0.0236742
165.716	0.0237658
165.761	0.0239029
165.806	0.0240119
165.851	0.0242581
165.896	0.0244172
165.941	0.0245242
165.986	0.0247812
166.031	0.0249482
166.076	0.0250658
166.121	0.0252363
166.166	0.0253409
166.211	0.0256422
166.256	0.025757
166.301	0.0259076
166.346	0.0260482
166.391	0.0262342
166.436	0.0264349
166.481	0.0266366
166.526	0.026791
166.571	0.0268798
166.616	0.0270846
166.661	0.0272651
166.706	0.0274768
166.751	0.0276349
166.796	0.0277767
166.841	0.0280038
166.886	0.0281424
166.931	0.0284083
166.976	0.0285213
167.021	0.0287007
167.066	0.0289495
167.111	0.0290622
167.156	0.0291916
167.201	0.0293535
167.246	0.0295798
167.291	0.0297593
167.336	0.029933
167.381	0.0301727
167.426	0.0303467
167.471	0.0304648
167.516	0.0307196
167.561	0.0309065
167.606	0.0310389
167.651	0.0312734
167.696	0.0313766
167.741	0.031643
167.786	0.0318157
167.831	0.0319842
167.876	0.032193
167.921	0.0323362
167.966	0.0325565
168.01	0.0327761
168.055	0.0329107
168.1	0.0330526
168.145	0.033296
168.19	0.0334776
168.235	0.0337063
168.28	0.0338639
168.325	0.0340358
168.37	0.0342365
168.415	0.0344093
168.46	0.0345741
168.505	0.0347851
168.55	0.035061
168.595	0.0352551
168.64	0.0354047
168.685	0.0355803
168.73	0.0357902
168.775	0.0359872
168.82	0.0361736
168.865	0.0363085
168.91	0.0366145
168.955	0.0367201
169.0	0.036979
169.045	0.0371596
169.09	0.0373034
169.135	0.0374802
169.18	0.0376843
169.225	0.0378992
169.27	0.0381611
169.315	0.0382242
169.36	0.0384439
169.405	0.0387078
169.45	0.0389047
169.495	0.0390489
169.54	0.0393529
169.585	0.0394807
169.63	0.0396366
169.675	0.0398356
169.72	0.0400557
169.765	0.0402126
169.81	0.0404585
169.855	0.0406469
169.9	0.0407652
169.945	0.0409685
169.99	0.0410728
170.035	0.0414351
170.08	0.0415818
170.125	0.0417623
170.17	0.041955
170.215	0.0421084
170.26	0.0424048
170.305	0.0425135
170.35	0.0426703
170.395	0.0429178
170.44	0.0429726
170.485	0.0433459
170.53	0.0434992
170.575	0.0436346
170.62	0.0438964
170.665	0.0439195
170.71	0.0442039
170.755	0.0442758
170.8	0.0445753
170.845	0.0448444
170.89	0.0449533
170.935	0.0450273
170.98	0.0454147
171.025	0.0454447
171.07	0.0457274
171.115	0.0458898
171.16	0.0460327
171.205	0.0462899
171.25	0.0464965
171.295	0.0466083
171.34	0.0468016
171.385	0.0470425
171.43	0.0471639
171.475	0.0473523
171.52	0.0475238
171.565	0.0477067
171.61	0.0479172
171.655	0.0480372
171.7	0.0482944
171.745	0.0484251
171.79	0.0486312
171.835	0.0487627
171.88	0.0491091
171.925	0.0490881
171.97	0.0492207
172.014	0.0495102
172.059	0.0496973
172.104	0.0498409
172.149	0.0499951
172.194	0.0502007
172.239	0.0503097
172.284	0.0505659
172.329	0.0506377
172.374	0.0508038
172.419	0.0509609
172.464	0.0512122
172.509	0.0512652
172.554	0.0514694
172.599	0.0516855
172.644	0.0518865
172.689	0.0520271
172.734	0.0521238
172.779	0.052356
172.824	0.0525778
172.869	0.0525428
172.914	0.0528169
172.959	0.0528988
173.004	0.0530084
173.049	0.0532858
173.094	0.0533242
173.139	0.0536037
173.184	0.0537203
173.229	0.0537943
173.274	0.0540852
173.319	0.0542607
173.364	0.0543054
173.409	0.0543936
173.454	0.0545873
173.499	0.0548324
173.544	0.054895
173.589	0.0550572
173.634	0.0551715
173.679	0.0552734
173.724	0.0554657
173.769	0.055646
173.814	0.0555592
173.859	0.0559167
173.904	0.0560734
173.949	0.0562408
173.994	0.0562758
174.039	0.0564938
174.084	0.0565928
174.129	0.0566248
174.174	0.0567886
174.219	0.0569057
174.264	0.0571255
174.309	0.0571663
174.354	0.057449
174.399	0.0573348
174.444	0.0576495
174.489	0.0579877
174.534	0.057759
174.579	0.0580224
174.624	0.0580201
174.669	0.0582684
174.714	0.0582842
174.759	0.0584319
174.804	0.0584556
174.849	0.0587275
174.894	0.0587611
174.939	0.0589082
174.984	0.059046
175.029	0.0592497
175.074	0.0593357
175.119	0.0592661
175.164	0.05954
175.209	0.0596975
175.254	0.0596206
175.299	0.0598414
175.344	0.0598373
175.389	0.0599887
175.434	0.0602709
175.479	0.0601463
175.524	0.0603518
175.569	0.0604552
175.614	0.060318
175.659	0.0608078
175.704	0.0606857
175.749	0.0607159
175.794	0.0608144
175.839	0.0609648
175.884	0.0610629
175.929	0.061196
175.974	0.061342
176.018	0.0613911
176.063	0.0613974
176.108	0.0615723
176.153	0.0617135
176.198	0.0618365
176.243	0.0615757
176.288	0.061832
176.333	0.0618704
176.378	0.0617228
176.423	0.0621982
176.468	0.0620929
176.513	0.0622604
176.558	0.0623554
176.603	0.062332
176.648	0.0625113
176.693	0.0627269
176.738	0.0628236
176.783	0.0627684
176.828	0.0628799
176.873	0.0629301
176.918	0.0628086
176.963	0.0629564
177.008	0.0629607
177.053	0.0632131
177.098	0.0631403
177.143	0.0634233
177.188	0.063297
177.233	0.0633612
177.278	0.0633131
177.323	0.0633136
177.368	0.0635784
177.413	0.063561
177.458	0.0633786
177.503	0.0637266
177.548	0.0637433
177.593	0.0637725
177.638	0.0639432
177.683	0.0638161
177.728	0.0639563
177.773	0.0641794
177.818	0.0640088
177.863	0.0640996
177.908	0.0640806
177.953	0.0642172
177.998	0.064135
178.043	0.0643183
178.088	0.0639909
178.133	0.0644868
178.178	0.0643401
178.223	0.0643682
178.268	0.0646418
178.313	0.0647142
178.358	0.064607
178.403	0.0644579
178.448	0.0648118
178.493	0.0643304
178.538	0.0651085
178.583	0.064486
178.628	0.064579
178.673	0.0647483
178.718	0.0649145
178.763	0.0651147
178.808	0.0645244
178.853	0.0648907
178.898	0.0647755
178.943	0.0649727
178.988	0.0649015
179.033	0.0646306
179.078	0.0648399
179.123	0.0647209
179.168	0.0649622
179.213	0.0652793
179.258	0.0649656
179.303	0.0653429
179.348	0.0647539
179.393	0.0649869
179.438	0.0649978
179.483	0.0653661
179.528	0.0651498
179.573	0.0654241
179.618	0.0650613
179.663	0.0652237
179.708	0.0652403
179.753	0.0644247
179.798	0.0654236
179.843	0.0658677
179.888	0.0657022
179.933	0.0650304
179.978	0.0679697
