0	1
1.0005	0.0
1.0015	0.0
1.0025	0.0
1.0035	0.0
1.0045	0.0
1.0055	0.0
1.0065	0.0
1.0075	0.0
1.0085	0.0
1.0095	0.0
1.0105	0.0
1.0115	0.0
1.0125	0.0
1.0135	0.0
1.0145	0.0
1.0155	0.0
1.0165	0.0
1.0175	0.0
1.0185	0.0
1.0195	0.0
1.02049	0.0
1.02149	0.0
1.02249	0.0
1.02349	0.0
1.02449	0.0
1.02549	0.0
1.02649	0.0
1.02749	0.0
1.02849	0.0
1.02949	0.0
1.03049	0.0
1.03149	0.0
1.03249	0.0
1.03349	0.0
1.03449	0.0
1.03549	0.0
1.03649	0.0
1.03749	0.0
1.03849	0.0
1.03949	0.0
1.04049	0.0
1.04149	0.0
1.04249	0.0
1.04349	0.0
1.04449	0.0
1.04549	0.0
1.04649	0.0
1.04749	0.0
1.04849	0.0
1.04949	0.0
1.05049	0.0
1.05149	0.0
1.05249	0.0
1.05349	0.0
1.05449	0.0
1.05549	0.0
1.05649	0.0
1.05749	0.0
1.05849	0.0
1.05949	0.0
1.06048	0.0
1.06148	0.0
1.06248	0.0
1.06348	0.0
1.06448	0.0
1.06548	0.0
1.06648	0.0
1.06748	0.0
1.06848	0.0
1.06948	0.0
1.07048	0.0
1.07148	0.0
1.07248	0.0
1.07348	0.0
1.07448	0.0
1.07548	0.0
1.07648	0.0
1.07748	0.0
1.07848	0.0
1.07948	0.0
1.08048	0.0
1.08148	0.0
1.08248	0.0
1.08348	0.0
1.08448	0.0
1.08548	0.0
1.08648	0.0
1.08748	0.0
1.08848	0.0
1.08948	0.0
1.09048	0.0
1.09148	0.0
1.09248	0.0
1.09348	0.0
1.09448	0.0
1.09548	0.0
1.09648	0.0
1.09748	0.0
1.09848	0.0
1.09948	0.0
1.10047	0.0
1.10147	0.0
1.10247	0.0
1.10347	0.0
1.10447	0.0
1.10547	0.0
1.10647	0.0
1.10747	0.0
1.10847	0.0
1.10947	0.0
1.11047	0.0
1.11147	0.0
1.11247	0.0
1.11347	0.0
1.11447	0.0
1.11547	0.0
1.11647	0.0
1.11747	0.0
1.11847	0.0
1.11947	0.0
1.12047	0.0
1.12147	0.0
1.12247	0.0
1.12347	0.0
1.12447	0.0
1.12547	0.0
1.12647	0.0
1.12747	0.0
1.12847	0.0
1.12947	0.0
1.13047	0.0
1.13147	0.0
1.13247	0.0
1.13347	0.0
1.13447	0.0
1.13547	0.0
1.13647	0.0
1.13747	0.0
1.13847	0.0
1.13947	0.0
1.14046	0.0
1.14146	0.0
1.14246	0.0
1.14346	0.0
1.14446	0.0
1.14546	0.0
1.14646	0.0
1.14746	0.0
1.14846	0.0
1.14946	0.0
1.15046	0.0
1.15146	0.0
1.15246	0.0
1.15346	0.0
1.15446	0.0
1.15546	0.0
1.15646	0.0
1.15746	0.0
1.15846	0.0
1.15946	0.0
1.16046	0.0
1.16146	0.0
1.16246	0.0
1.16346	0.0
1.16446	0.0
1.16546	0.0
1.16646	0.0
1.16746	0.0
1.16846	0.0
1.16946	0.0
1.17046	0.0
1.17146	0.0
1.17246	0.0
1.17346	0.0
1.17446	0.0
1.17546	0.0
1.17646	0.0
1.17746	0.0
1.17846	0.0
1.17946	0.0
1.18045	0.0
1.18145	0.0
1.18245	0.0
1.18345	0.0
1.18445	0.0
1.18545	0.0
1.18645	0.0
1.18745	0.0
1.18845	0.0
1.18945	0.0
1.19045	0.0
1.19145	0.0
1.19245	0.0
1.19345	0.0
1.19445	0.0
1.19545	0.0
1.19645	0.0
1.19745	0.0
1.19845	0.0
1.19945	0.0
1.20045	0.0
1.20145	0.0
1.20245	0.0
1.20345	0.0
1.20445	0.0
1.20545	0.0
1.20645	0.0
1.20745	0.0
1.20845	0.0
1.20945	0.0
1.21045	0.0
1.21145	0.0
1.21245	0.0
1.21345	0.0
1.21445	0.0
1.21545	0.0
1.21645	0.0
1.21745	0.0
1.21845	0.0
1.21945	0.0
1.22044	0.0
1.22144	0.0
1.22244	0.0
1.22344	0.0
1.22444	0.0
1.22544	0.0
1.22644	0.0
1.22744	0.0
1.22844	0.0
1.22944	0.0
1.23044	0.0
1.23144	0.0
1.23244	0.0
1.23344	0.0
1.23444	0.0
1.23544	0.0
1.23644	0.0
1.23744	0.0
1.23844	0.0
1.23944	0.0
1.24044	0.0
1.24144	0.0
1.24244	0.0
1.24344	0.0
1.24444	0.0
1.24544	0.0
1.24644	0.0
1.24744	0.0
1.24844	0.0
1.24944	0.0
1.25044	0.0
1.25144	0.0
1.25244	0.0
1.25344	0.0
1.25444	0.0
1.25544	0.0
1.25644	0.0
1.25744	0.0
1.25844	0.0
1.25944	0.0
1.26043	0.0
1.26143	0.0
1.26243	0.0
1.26343	0.0
1.26443	0.0
1.26543	0.0
1.26643	0.0
1.26743	0.0
1.26843	0.0
1.26943	0.0
1.27043	0.0
1.27143	0.0
1.27243	0.0
1.27343	0.0
1.27443	0.0
1.27543	0.0
1.27643	0.0
1.27743	0.0
1.27843	0.0
1.27943	0.0
1.28043	0.0
1.28143	0.0
1.28243	0.0
1.28343	0.0
1.28443	0.0
1.28543	0.0
1.28643	0.0
1.28743	0.0
1.28843	0.0
1.28943	0.0
1.29043	0.0
1.29143	0.0
1.29243	0.0
1.29343	0.0
1.29443	0.0
1.29543	0.0
1.29643	0.0
1.29743	0.0
1.29843	0.0
1.29943	0.0
1.30042	0.0
1.30142	0.0
1.30242	0.0
1.30342	0.0
1.30442	0.0
1.30542	0.0
1.30642	0.0
1.30742	0.0
1.30842	0.0
1.30942	0.0
1.31042	0.0
1.31142	0.0
1.31242	0.0
1.31342	0.0
1.31442	0.0
1.31542	0.0
1.31642	0.0
1.31742	0.0
1.31842	0.0
1.31942	0.0
1.32042	0.0
1.32142	0.0
1.32242	0.0
1.32342	0.0
1.32442	0.0
1.32542	0.0
1.32642	0.0
1.32742	0.0
1.32842	0.0
1.32942	0.0
1.33042	0.0
1.33142	0.0
1.33242	0.0
1.33342	0.0
1.33442	0.0
1.33542	0.0
1.33642	0.0
1.33742	0.0
1.33842	0.0
1.33942	0.0
1.34041	0.0
1.34141	0.0
1.34241	0.0
1.34341	0.0
1.34441	0.0
1.34541	0.0
1.34641	0.0
1.34741	0.0
1.34841	0.0
1.34941	0.0
1.35041	0.0
1.35141	0.0
1.35241	0.0
1.35341	0.0
1.35441	0.0
1.35541	0.0
1.35641	0.0
1.35741	0.0
1.35841	0.0
1.35941	0.0
1.36041	0.0
1.36141	0.0
1.36241	0.0
1.36341	0.0
1.36441	0.0
1.36541	0.0
1.36641	0.0
1.36741	0.0
1.36841	0.0
1.36941	0.0
1.37041	0.0
1.37141	0.0
1.37241	0.0
1.37341	0.0
1.37441	0.0
1.37541	0.0
1.37641	0.0
1.37741	0.0
1.37841	0.0
1.37941	0.0
1.3804	0.0
1.3814	0.0
1.3824	0.0
1.3834	0.0
1.3844	0.0
1.3854	0.0
1.3864	0.0
1.3874	0.0
1.3884	0.0
1.3894	0.0
1.3904	0.0
1.3914	0.0
1.3924	0.0
1.3934	0.0
1.3944	0.0
1.3954	0.0
1.3964	0.0
1.3974	0.0
1.3984	0.0
1.3994	0.0
1.4004	0.0
1.4014	0.0
1.4024	0.0
1.4034	0.0
1.4044	0.0
1.4054	0.0
1.4064	0.0
1.4074	0.0
1.4084	0.0
1.4094	0.0
1.4104	0.0
1.4114	0.0
1.4124	0.0
1.4134	0.0
1.4144	0.0
1.4154	0.0
1.4164	0.0
1.4174	0.0
1.4184	0.0
1.4194	0.0
1.42039	0.0
1.42139	0.0
1.42239	0.0
1.42339	0.0
1.42439	0.0
1.42539	0.0
1.42639	0.0
1.42739	0.0
1.42839	0.0
1.42939	0.0
1.43039	0.0
1.43139	0.0
1.43239	0.0
1.43339	0.0
1.43439	0.0
1.43539	0.0
1.43639	0.0
1.43739	0.0
1.43839	0.0
1.43939	0.0
1.44039	0.0
1.44139	0.0
1.44239	0.0
1.44339	0.0
1.44439	0.0
1.44539	0.0
1.44639	0.0
1.44739	0.0
1.44839	0.0
1.44939	0.0
1.45039	0.0
1.45139	0.0
1.45239	0.0
1.45339	0.0
1.45439	0.0
1.45539	0.0
1.45639	0.0
1.45739	0.0
1.45839	0.0
1.45939	0.0
1.46038	0.0
1.46138	0.0
1.46238	0.0
1.46338	0.0
1.46438	0.0
1.46538	0.0
1.46638	0.0
1.46738	0.0
1.46838	0.0
1.46938	0.0
1.47038	0.0
1.47138	0.0
1.47238	0.0
1.47338	0.0
1.47438	0.0
1.47538	0.0
1.47638	0.0
1.47738	0.0
1.47838	0.0
1.47938	0.0
1.48038	0.0
1.48138	0.0
1.48238	0.0
1.48338	0.0
1.48438	0.0
1.48538	0.0
1.48638	0.0
1.48738	0.0
1.48838	0.0
1.48938	0.0
1.49038	0.0
1.49138	0.0
1.49238	0.0
1.49338	0.0
1.49438	0.0
1.49538	0.0
1.49638	0.0
1.49738	0.0
1.49838	0.0
1.49938	0.0
1.50037	0.0
1.50137	0.0
1.50237	0.0
1.50337	0.0
1.50437	0.0
1.50537	0.0
1.50637	0.0
1.50737	0.0
1.50837	0.0
1.50937	0.0
1.51037	0.0
1.51137	0.0
1.51237	0.0
1.51337	0.0
1.51437	0.0
1.51537	0.0
1.51637	0.0
1.51737	0.0
1.51837	0.0
1.51937	0.0
1.52037	0.0
1.52137	0.0
1.52237	0.0
1.52337	0.0
1.52437	0.0
1.52537	0.0
1.52637	0.0
1.52737	0.0
1.52837	0.0
1.52937	0.0
1.53037	0.0
1.53137	0.0
1.53237	0.0
1.53337	0.0
1.53437	0.0
1.53537	0.0
1.53637	0.0
1.53737	0.0
1.53837	0.0
1.53937	0.0
1.54036	0.0
1.54136	0.0
1.54236	0.0
1.54336	0.0
1.54436	0.0
1.54536	0.0
1.54636	0.0
1.54736	0.0
1.54836	0.0
1.54936	0.0
1.55036	0.0
1.55136	0.0
1.55236	0.0
1.55336	0.0
1.55436	0.0
1.55536	0.0
1.55636	0.0
1.55736	0.0
1.55836	0.0
1.55936	0.0
1.56036	0.0
1.56136	0.0
1.56236	0.0
1.56336	0.0
1.56436	0.0
1.56536	0.0
1.56636	0.0
1.56736	0.0
1.56836	0.0
1.56936	0.0
1.57036	0.0
1.57136	0.0
1.57236	0.0
1.57336	0.0
1.57436	0.0
1.57536	0.0
1.57636	0.0
1.57736	0.0
1.57836	0.0
1.57936	0.0
1.58035	0.0
1.58135	0.0
1.58235	0.0
1.58335	0.0
1.58435	0.0
1.58535	0.0
1.58635	0.0
1.58735	0.0
1.58835	0.0
1.58935	0.0
1.59035	0.0
1.59135	0.0
1.59235	0.0
1.59335	0.0
1.59435	0.0
1.59535	0.0
1.59635	0.0
1.59735	0.0
1.59835	0.0
1.59935	0.0
1.60035	0.0
1.60135	0.0
1.60235	0.0
1.60335	0.0
1.60435	0.0
1.60535	0.0
1.60635	0.0
1.60735	0.0
1.60835	0.0
1.60935	0.0
1.61035	0.0
1.61135	0.0
1.61235	0.0
1.61335	0.0
1.61435	0.0
1.61535	0.0
1.61635	0.0
1.61735	0.0
1.61835	0.0
1.61935	0.0
1.62034	0.0
1.62134	0.0
1.62234	0.0
1.62334	0.0
1.62434	0.0
1.62534	0.0
1.62634	0.0
1.62734	0.0
1.62834	0.0
1.62934	0.0
1.63034	0.0
1.63134	0.0
1.63234	0.0
1.63334	0.0
1.63434	0.0
1.63534	0.0
1.63634	0.0
1.63734	0.0
1.63834	0.0
1.63934	0.0
1.64034	0.0
1.64134	0.0
1.64234	0.0
1.64334	0.0
1.64434	0.0
1.64534	0.0
1.64634	0.0
1.64734	0.0
1.64834	0.0
1.64934	0.0
1.65034	0.0
1.65134	0.0
1.65234	0.0
1.65334	0.0
1.65434	0.0
1.65534	0.0
1.65634	0.0
1.65734	0.0
1.65834	0.0
1.65934	0.0
1.66033	0.0
1.66133	0.0
1.66233	0.0
1.66333	0.0
1.66433	0.0
1.66533	0.0
1.66633	0.0
1.66733	0.0
1.66833	0.0
1.66933	0.0
1.67033	0.0
1.67133	0.0
1.67233	0.0
1.67333	0.0
1.67433	0.0
1.67533	0.0
1.67633	0.0
1.67733	0.0
1.67833	0.0
1.67933	0.0
1.68033	0.0
1.68133	0.0
1.68233	0.0
1.68333	0.0
1.68433	0.0
1.68533	0.0
1.68633	0.0
1.68733	0.0
1.68833	0.0
1.68933	0.0
1.69033	0.0
1.69133	0.0
1.69233	0.0
1.69333	0.0
1.69433	0.0
1.69533	0.0
1.69633	0.0
1.69733	0.0
1.69833	0.0
1.69933	0.0
1.70032	0.0
1.70132	0.0
1.70232	0.0
1.70332	0.0
1.70432	0.0
1.70532	0.0
1.70632	0.0
1.70732	0.0
1.70832	0.0
1.70932	0.0
1.71032	0.0
1.71132	0.0
1.71232	0.0
1.71332	0.0
1.71432	0.0
1.71532	0.0
1.71632	0.0
1.71732	0.0
1.71832	0.0
1.71932	0.0
1.72032	0.0
1.72132	0.0
1.72232	0.0
1.72332	0.0
1.72432	0.0
1.72532	0.0
1.72632	0.0
1.72732	0.0
1.72832	0.0
1.72932	0.0
1.73032	0.0
1.73132	0.0
1.73232	0.0
1.73332	0.0
1.73432	0.0
1.73532	0.0
1.73632	0.0
1.73732	0.0
1.73832	0.0
1.73932	0.0
1.74031	0.0
1.74131	0.0
1.74231	0.0
1.74331	0.0
1.74431	0.0
1.74531	0.0
1.74631	0.0
1.74731	0.0
1.74831	0.0
1.74931	0.0
1.75031	0.0
1.75131	0.0
1.75231	0.0
1.75331	0.0
1.75431	0.0
1.75531	0.0
1.75631	0.0
1.75731	0.0
1.75831	0.0
1.75931	0.0
1.76031	0.0
1.76131	0.0
1.76231	0.0
1.76331	0.0
1.76431	0.0
1.76531	0.0
1.76631	0.0
1.76731	0.0
1.76831	0.0
1.76931	0.0
1.77031	0.0
1.77131	0.0
1.77231	0.0
1.77331	0.0
1.77431	0.0
1.77531	0.0
1.77631	0.0
1.77731	0.0
1.77831	0.0
1.77931	0.0
1.7803	0.0
1.7813	0.0
1.7823	0.0
1.7833	0.0
1.7843	0.0
1.7853	0.0
1.7863	0.0
1.7873	0.0
1.7883	0.0
1.7893	0.0
1.7903	0.0
1.7913	0.0
1.7923	0.0
1.7933	0.0
1.7943	0.0
1.7953	0.0
1.7963	0.0
1.7973	0.0
1.7983	0.0
1.7993	0.0
1.8003	0.0
1.8013	0.0
1.8023	0.0
1.8033	0.0
1.8043	0.0
1.8053	0.0
1.8063	0.0
1.8073	0.0
1.8083	0.0
1.8093	0.0
1.8103	0.0
1.8113	0.0
1.8123	0.0
1.8133	0.0
1.8143	0.0
1.8153	0.0
1.8163	0.0
1.8173	0.0
1.8183	0.0
1.8193	0.0
1.82029	0.0
1.82129	0.0
1.82229	0.0
1.82329	0.0
1.82429	0.0
1.82529	0.0
1.82629	0.0
1.82729	0.0
1.82829	0.0
1.82929	0.0
1.83029	0.0
1.83129	0.0
1.83229	0.0
1.83329	0.0
1.83429	0.0
1.83529	0.0
1.83629	0.0
1.83729	0.0
1.83829	0.0
1.83929	0.0
1.84029	0.0
1.84129	0.0
1.84229	0.0
1.84329	0.0
1.84429	0.0
1.84529	0.0
1.84629	0.0
1.84729	0.0
1.84829	0.0
1.84929	0.0
1.85029	0.0
1.85129	0.0
1.85229	0.0
1.85329	0.0
1.85429	0.0
1.85529	0.0
1.85629	0.0
1.85729	0.0
1.85829	0.0
1.85929	0.0
1.86028	0.0
1.86128	0.0
1.86228	0.0
1.86328	0.0
1.86428	0.0
1.86528	0.0
1.86628	0.0
1.86728	0.0
1.86828	0.0
1.86928	0.0
1.87028	0.0
1.87128	0.0
1.87228	0.0
1.87328	0.0
1.87428	0.0
1.87528	0.0
1.87628	0.0
1.87728	0.0
1.87828	0.0
1.87928	0.0
1.88028	0.0
1.88128	0.0
1.88228	0.0
1.88328	0.0
1.88428	0.0
1.88528	0.0
1.88628	0.0
1.88728	0.0
1.88828	0.0
1.88928	0.0
1.89028	0.0
1.89128	0.0
1.89228	0.0
1.89328	0.0
1.89428	0.0
1.89528	0.0
1.89628	0.0
1.89728	0.0
1.89828	0.0
1.89928	0.0
1.90027	0.0
1.90127	0.0
1.90227	0.0
1.90327	0.0
1.90427	0.0
1.90527	0.0
1.90627	0.0
1.90727	0.0
1.90827	0.0
1.90927	0.0
1.91027	0.0
1.91127	0.0
1.91227	0.0
1.91327	0.0
1.91427	0.0
1.91527	0.0
1.91627	0.0
1.91727	0.0
1.91827	0.0
1.91927	0.0
1.92027	0.0
1.92127	0.0
1.92227	0.0
1.92327	0.0
1.92427	0.0
1.92527	0.0
1.92627	0.0
1.92727	0.0
1.92827	0.0
1.92927	0.0
1.93027	0.0
1.93127	0.0
1.93227	0.0
1.93327	0.0
1.93427	0.0
1.93527	0.0
1.93627	0.0
1.93727	0.0
1.93827	0.0
1.93927	0.0
1.94026	0.0
1.94126	0.0
1.94226	0.0
1.94326	0.0
1.94426	0.0
1.94526	0.0
1.94626	0.0
1.94726	0.0
1.94826	0.0
1.94926	0.0
1.95026	0.0
1.95126	0.0
1.95226	0.0
1.95326	0.0
1.95426	0.0
1.95526	0.0
1.95626	0.0
1.95726	0.0
1.95826	0.0
1.95926	0.0
1.96026	0.0
1.96126	0.0
1.96226	0.0
1.96326	0.0
1.96426	0.0
1.96526	0.0
1.96626	0.0
1.96726	0.0
1.96826	0.0
1.96926	0.0
1.97026	0.0
1.97126	0.0
1.97226	0.0
1.97326	0.0
1.97426	0.0
1.97526	0.0
1.97626	0.0
1.97726	0.0
1.97826	0.0
1.97926	0.0
1.98025	0.0
1.98125	0.0
1.98225	0.0
1.98325	0.0
1.98425	0.0
1.98525	0.0
1.98625	0.0
1.98725	0.0
1.98825	0.0
1.98925	0.0
1.99025	0.0
1.99125	0.0
1.99225	0.0
1.99325	0.0
1.99425	0.0
1.99525	0.0
1.99625	0.0
1.99725	0.0
1.99825	0.0
1.99925	0.0
2.00025	0.0
2.00125	0.0
2.00225	0.0
2.00325	0.0
2.00425	0.0
2.00525	0.0
2.00625	0.0
2.00725	0.0
2.00825	0.0
2.00925	0.0
2.01025	0.0
2.01125	0.0
2.01225	0.0
2.01325	0.0
2.01425	0.0
2.01525	0.0
2.01625	0.0
2.01725	0.0
2.01825	0.0
2.01925	0.0
2.02024	0.0
2.02124	0.0
2.02224	0.0
2.02324	0.0
2.02424	0.0
2.02524	0.0
2.02624	0.0
2.02724	0.0
2.02824	0.0
2.02924	0.0
2.03024	0.0
2.03124	0.0
2.03224	0.0
2.03324	0.0
2.03424	0.0
2.03524	0.0
2.03624	0.0
2.03724	0.0
2.03824	0.0
2.03924	0.0
2.04024	0.0
2.04124	0.0
2.04224	0.0
2.04324	0.0
2.04424	0.0
2.04524	0.0
2.04624	0.0
2.04724	0.0
2.04824	0.0
2.04924	0.0
2.05024	0.0
2.05124	0.0
2.05224	0.0
2.05324	0.0
2.05424	0.0
2.05524	0.0
2.05624	0.0
2.05724	0.0
2.05824	0.0
2.05924	0.0
2.06023	0.0
2.06123	0.0
2.06223	0.0
2.06323	0.0
2.06423	0.0
2.06523	0.0
2.06623	0.0
2.06723	0.0
2.06823	0.0
2.06923	0.0
2.07023	0.0
2.07123	0.0
2.07223	0.0
2.07323	0.0
2.07423	0.0
2.07523	0.0
2.07623	0.0
2.07723	0.0
2.07823	0.0
2.07923	0.0
2.08023	0.0
2.08123	0.0
2.08223	0.0
2.08323	0.0
2.08423	0.0
2.08523	0.0
2.08623	0.0
2.08723	0.0
2.08823	0.0
2.08923	0.0
2.09023	0.0
2.09123	0.0
2.09223	0.0
2.09323	0.0
2.09423	0.0
2.09523	0.0
2.09623	0.0
2.09723	0.0
2.09823	0.0
2.09923	0.0
2.10022	0.0
2.10122	0.0
2.10222	0.0
2.10322	0.0
2.10422	0.0
2.10522	0.0
2.10622	0.0
2.10722	0.0
2.10822	0.0
2.10922	0.0
2.11022	0.0
2.11122	0.0
2.11222	0.0
2.11322	0.0
2.11422	0.0
2.11522	0.0
2.11622	0.0
2.11722	0.0
2.11822	0.0
2.11922	0.0
2.12022	0.0
2.12122	0.0
2.12222	0.0
2.12322	0.0
2.12422	0.0
2.12522	0.0
2.12622	0.0
2.12722	0.0
2.12822	0.0
2.12922	0.0
2.13022	0.0
2.13122	0.0
2.13222	0.0
2.13322	0.0
2.13422	0.0
2.13522	0.0
2.13622	0.0
2.13722	0.0
2.13822	0.0
2.13922	0.0
2.14021	0.0
2.14121	0.0
2.14221	0.0
2.14321	0.0
2.14421	0.0
2.14521	0.0
2.14621	0.0
2.14721	0.0
2.14821	0.0
2.14921	0.0
2.15021	0.0
2.15121	0.0
2.15221	0.0
2.15321	0.0
2.15421	0.0
2.15521	0.0
2.15621	0.0
2.15721	0.0
2.15821	0.0
2.15921	0.0
2.16021	0.0
2.16121	0.0
2.16221	0.0
2.16321	0.0
2.16421	0.0
2.16521	0.0
2.16621	0.0
2.16721	0.0
2.16821	0.0
2.16921	0.0
2.17021	0.0
2.17121	0.0
2.17221	0.0
2.17321	0.0
2.17421	0.0
2.17521	0.0
2.17621	0.0
2.17721	0.0
2.17821	0.0
2.17921	0.0
2.1802	0.0
2.1812	0.0
2.1822	0.0
2.1832	0.0
2.1842	0.0
2.1852	0.0
2.1862	0.0
2.1872	0.0
2.1882	0.0
2.1892	0.0
2.1902	0.0
2.1912	0.0
2.1922	0.0
2.1932	0.0
2.1942	0.0
2.1952	0.0
2.1962	0.0
2.1972	0.0
2.1982	0.0
2.1992	0.0
2.2002	0.0
2.2012	0.0
2.2022	0.0
2.2032	0.0
2.2042	0.0
2.2052	0.0
2.2062	0.0
2.2072	0.0
2.2082	0.0
2.2092	0.0
2.2102	0.0
2.2112	0.0
2.2122	0.0
2.2132	0.0
2.2142	0.0
2.2152	0.0
2.2162	0.0
2.2172	0.0
2.2182	0.0
2.2192	0.0
2.22019	0.0
2.22119	0.0
2.22219	0.0
2.22319	0.0
2.22419	0.0
2.22519	0.0
2.22619	0.0
2.22719	0.0
2.22819	0.0
2.22919	0.0
2.23019	0.0
2.23119	0.0
2.23219	0.0
2.23319	0.0
2.23419	0.0
2.23519	0.0
2.23619	0.0
2.23719	0.0
2.23819	0.0
2.23919	0.0
2.24019	0.0
2.24119	0.0
2.24219	0.0
2.24319	0.0
2.24419	0.0
2.24519	0.0
2.24619	0.0
2.24719	0.0
2.24819	0.0
2.24919	0.0
2.25019	0.0
2.25119	0.0
2.25219	0.0
2.25319	0.0
2.25419	0.0
2.25519	0.0
2.25619	0.0
2.25719	0.0
2.25819	0.0
2.25919	0.0
2.26018	0.0
2.26118	0.0
2.26218	0.0
2.26318	0.0
2.26418	0.0
2.26518	0.0
2.26618	0.0
2.26718	0.0
2.26818	0.0
2.26918	0.0
2.27018	0.0
2.27118	0.0
2.27218	0.0
2.27318	0.0
2.27418	0.0
2.27518	0.0
2.27618	0.0
2.27718	0.0
2.27818	0.0
2.27918	0.0
2.28018	0.0
2.28118	0.0
2.28218	0.0
2.28318	0.0
2.28418	0.0
2.28518	0.0
2.28618	0.0
2.28718	0.0
2.28818	0.0
2.28918	0.0
2.29018	0.0
2.29118	0.0
2.29218	0.0
2.29318	0.0
2.29418	0.0
2.29518	0.0
2.29618	0.0
2.29718	0.0
2.29818	0.0
2.29918	0.0
2.30017	0.0
2.30117	0.0
2.30217	0.0
2.30317	0.0
2.30417	0.0
2.30517	0.0
2.30617	0.0
2.30717	0.0
2.30817	0.0
2.30917	0.0
2.31017	0.0
2.31117	0.0
2.31217	0.0
2.31317	0.0
2.31417	0.0
2.31517	0.0
2.31617	0.0
2.31717	0.0
2.31817	0.0
2.31917	0.0
2.32017	0.0
2.32117	0.0
2.32217	0.0
2.32317	0.0
2.32417	0.0
2.32517	0.0
2.32617	0.0
2.32717	0.0
2.32817	0.0
2.32917	0.0
2.33017	0.0
2.33117	0.0
2.33217	0.0
2.33317	0.0
2.33417	0.0
2.33517	0.0
2.33617	0.0
2.33717	0.0
2.33817	0.0
2.33917	0.0
2.34016	0.0
2.34116	0.0
2.34216	0.0
2.34316	0.0
2.34416	0.0
2.34516	0.0
2.34616	0.0
2.34716	0.0
2.34816	0.0
2.34916	0.0
2.35016	0.0
2.35116	0.0
2.35216	0.0
2.35316	0.0
2.35416	0.0
2.35516	0.0
2.35616	0.0
2.35716	0.0
2.35816	0.0
2.35916	0.0
2.36016	0.0
2.36116	0.0
2.36216	0.0
2.36316	0.0
2.36416	0.0
2.36516	0.0
2.36616	0.0
2.36716	0.0
2.36816	0.0
2.36916	0.0
2.37016	0.0
2.37116	0.0
2.37216	0.0
2.37316	0.0
2.37416	0.0
2.37516	0.0
2.37616	0.0
2.37716	0.0
2.37816	0.0
2.37916	0.0
2.38015	0.0
2.38115	0.0
2.38215	0.0
2.38315	0.0
2.38415	0.0
2.38515	0.0
2.38615	0.0
2.38715	0.0
2.38815	0.0
2.38915	0.0
2.39015	0.0
2.39115	0.0
2.39215	0.0
2.39315	0.0
2.39415	0.0
2.39515	0.0
2.39615	0.0
2.39715	0.0
2.39815	0.0
2.39915	0.0
2.40015	0.0
2.40115	0.0
2.40215	0.0
2.40315	0.0
2.40415	0.0
2.40515	0.0
2.40615	0.0
2.40715	0.0
2.40815	0.0
2.40915	0.0
2.41015	0.0
2.41115	0.0
2.41215	0.0
2.41315	0.0
2.41415	0.0
2.41515	0.0
2.41615	0.0
2.41715	0.0
2.41815	0.0
2.41915	0.0
2.42014	0.0
2.42114	0.0
2.42214	0.0
2.42314	0.0
2.42414	0.0
2.42514	0.0
2.42614	0.0
2.42714	0.0
2.42814	0.0
2.42914	0.0
2.43014	0.0
2.43114	0.0
2.43214	0.0
2.43314	0.0
2.43414	0.0
2.43514	0.0
2.43614	0.0
2.43714	0.0
2.43814	0.0
2.43914	0.0
2.44014	0.0
2.44114	0.0
2.44214	0.0
2.44314	0.0
2.44414	0.0
2.44514	0.0
2.44614	0.0
2.44714	0.0
2.44814	0.0
2.44914	0.0
2.45014	0.0
2.45114	0.0
2.45214	0.0
2.45314	0.0
2.45414	0.0
2.45514	0.0
2.45614	0.0
2.45714	0.0
2.45814	0.0
2.45914	0.0
2.46013	0.0
2.46113	0.0
2.46213	0.0
2.46313	0.0
2.46413	0.0
2.46513	0.0
2.46613	0.0
2.46713	0.0
2.46813	0.0
2.46913	0.0
2.47013	0.0
2.47113	0.0
2.47213	0.0
2.47313	0.0
2.47413	0.0
2.47513	0.0
2.47613	0.0
2.47713	0.0
2.47813	0.0
2.47913	0.0
2.48013	0.0
2.48113	0.0
2.48213	0.0
2.48313	0.0
2.48413	0.0
2.48513	0.0
2.48613	0.0
2.48713	0.0
2.48813	0.0
2.48913	0.0
2.49013	0.0
2.49113	0.0
2.49213	0.0
2.49313	0.0
2.49413	0.0
2.49513	0.0
2.49613	0.0
2.49713	0.0
2.49813	0.0
2.49913	0.0
2.50012	0.0
2.50112	0.0
2.50212	0.0
2.50312	0.0
2.50412	0.0
2.50512	0.0
2.50612	0.0
2.50712	0.0
2.50812	0.0
2.50912	0.0
2.51012	0.0
2.51112	0.0
2.51212	0.0
2.51312	0.0
2.51412	0.0
2.51512	0.0
2.51612	0.0
2.51712	0.0
2.51812	0.0
2.51912	0.0
2.52012	0.0
2.52112	0.0
2.52212	0.0
2.52312	0.0
2.52412	0.0
2.52512	0.0
2.52612	0.0
2.52712	0.0
2.52812	0.0
2.52912	0.0
2.53012	0.0
2.53112	0.0
2.53212	0.0
2.53312	0.0
2.53412	0.0
2.53512	0.0
2.53612	0.0
2.53712	0.0
2.53812	0.0
2.53912	0.0
2.54011	0.0
2.54111	0.0
2.54211	0.0
2.54311	0.0
2.54411	0.0
2.54511	0.0
2.54611	0.0
2.54711	0.0
2.54811	0.0
2.54911	0.0
2.55011	0.0
2.55111	0.0
2.55211	0.0
2.55311	0.0
2.55411	0.0
2.55511	0.0
2.55611	0.0
2.55711	0.0
2.55811	0.0
2.55911	0.0
2.56011	0.0
2.56111	0.0
2.56211	0.0
2.56311	0.0
2.56411	0.0
2.56511	0.0
2.56611	0.0
2.56711	0.0
2.56811	0.0
2.56911	0.0
2.57011	0.0
2.57111	0.0
2.57211	0.0
2.57311	0.0
2.57411	0.0
2.57511	0.0
2.57611	0.0
2.57711	0.0
2.57811	0.0
2.57911	0.0
2.5801	0.0
2.5811	0.0
2.5821	0.0
2.5831	0.0
2.5841	0.0
2.5851	0.0
2.5861	0.0
2.5871	0.0
2.5881	0.0
2.5891	0.0
2.5901	0.0
2.5911	0.0
2.5921	0.0
2.5931	0.0
2.5941	0.0
2.5951	0.0
2.5961	0.0
2.5971	0.0
2.5981	0.0
2.5991	0.0
2.6001	0.0
2.6011	0.0
2.6021	0.0
2.6031	0.0
2.6041	0.0
2.6051	0.0
2.6061	0.0
2.6071	0.0
2.6081	0.0
2.6091	0.0
2.6101	0.0
2.6111	0.0
2.6121	0.0
2.6131	0.0
2.6141	0.0
2.6151	0.0
2.6161	0.0
2.6171	0.0
2.6181	0.0
2.6191	0.0
2.62009	0.0
2.62109	0.0
2.62209	0.0
2.62309	0.0
2.62409	0.0
2.62509	0.0
2.62609	0.0
2.62709	0.0
2.62809	0.0
2.62909	0.0
2.63009	0.0
2.63109	0.0
2.63209	0.0
2.63309	0.0
2.63409	0.0
2.63509	0.0
2.63609	0.0
2.63709	0.0
2.63809	0.0
2.63909	0.0
2.64009	0.0
2.64109	0.0
2.64209	0.0
2.64309	0.0
2.64409	0.0
2.64509	0.0
2.64609	0.0
2.64709	0.0
2.64809	0.0
2.64909	0.0
2.65009	0.0
2.65109	0.0
2.65209	0.0
2.65309	0.0
2.65409	0.0
2.65509	0.0
2.65609	0.0
2.65709	0.0
2.65809	0.0
2.65909	0.0
2.66008	0.0
2.66108	1.69862e-06
2.66208	3.39725e-06
2.66308	0.0
2.66408	0.0
2.66508	1.69862e-06
2.66608	0.0
2.66708	0.0
2.66808	0.0
2.66908	0.0
2.67008	0.0
2.67108	1.69862e-06
2.67208	1.69862e-06
2.67308	3.39725e-06
2.67408	3.39725e-06
2.67508	1.69862e-06
2.67608	0.0
2.67708	0.0
2.67808	0.0
2.67908	3.39725e-06
2.68008	0.0
2.68108	5.09587e-06
2.68208	0.0
2.68308	3.39725e-06
2.68408	1.69862e-06
2.68508	5.09587e-06
2.68608	5.09587e-06
2.68708	5.09587e-06
2.68808	1.3589e-05
2.68908	5.09587e-06
2.69008	1.3589e-05
2.69108	1.18904e-05
2.69208	5.09587e-06
2.69308	8.49312e-06
2.69408	1.52876e-05
2.69508	1.69862e-06
2.69608	1.18904e-05
2.69708	5.09587e-06
2.69808	6.79449e-06
2.69908	1.18904e-05
2.70007	1.18904e-05
2.70107	1.01917e-05
2.70207	1.52876e-05
2.70307	1.52876e-05
2.70407	1.86849e-05
2.70507	1.3589e-05
2.70607	6.79449e-06
2.70707	2.37807e-05
2.70807	1.52876e-05
2.70907	2.88766e-05
2.71007	2.20821e-05
2.71107	1.52876e-05
2.71207	3.73697e-05
2.71307	3.05752e-05
2.71407	4.92601e-05
2.71507	3.56711e-05
2.71607	4.41642e-05
2.71707	4.58628e-05
2.71807	4.75615e-05
2.71907	6.62463e-05
2.72007	5.77532e-05
2.72107	4.75615e-05
2.72207	4.75615e-05
2.72307	6.79449e-05
2.72407	5.94518e-05
2.72507	9.0027e-05
2.72607	8.83284e-05
2.72707	7.30408e-05
2.72807	9.85202e-05
2.72907	0.000107013
2.73007	0.000101917
2.73107	0.000118904
2.73207	0.000151177
2.73307	0.000113808
2.73407	0.000127397
2.73507	0.000129095
2.73607	0.000120602
2.73707	0.000161369
2.73807	0.00017326
2.73907	0.000215725
2.74006	0.000190246
2.74106	0.000198739
2.74206	0.000241205
2.74306	0.000229314
2.74406	0.000259889
2.74506	0.000290465
2.74606	0.000326136
2.74706	0.000334629
2.74806	0.000319341
2.74906	0.000353314
2.75006	0.0003703
2.75106	0.000411067
2.75206	0.000414464
2.75306	0.000460327
2.75406	0.00048071
2.75506	0.000516382
2.75606	0.000545258
2.75706	0.000618299
2.75806	0.000652271
2.75906	0.000647176
2.76006	0.000749093
2.76106	0.000791559
2.76206	0.000764381
2.76306	0.00082723
2.76406	0.000915558
2.76506	0.000988599
2.76606	0.00101408
2.76706	0.000978407
2.76806	0.00114657
2.76906	0.00118904
2.77006	0.00127057
2.77106	0.00128586
2.77206	0.00144213
2.77306	0.00153216
2.77406	0.00162219
2.77506	0.00169353
2.77606	0.00171221
2.77706	0.0018498
2.77806	0.00192794
2.77906	0.0020927
2.78005	0.00224558
2.78105	0.0023441
2.78205	0.00242394
2.78305	0.00254794
2.78405	0.00278574
2.78505	0.00291484
2.78605	0.00313906
2.78705	0.00316623
2.78805	0.00344651
2.78905	0.00369111
2.79005	0.00375056
2.79105	0.00411916
2.79205	0.00439094
2.79305	0.00445379
2.79405	0.00471538
2.79505	0.00505001
2.79605	0.0054288
2.79705	0.00544579
2.79805	0.00583817
2.79905	0.00584666
2.80005	0.00644797
2.80105	0.00689641
2.80205	0.00737372
2.80305	0.00755548
2.80405	0.00779668
2.80505	0.00808035
2.80605	0.00854747
2.80705	0.00911312
2.80805	0.00954626
2.80905	0.0100864
2.81005	0.0103956
2.81105	0.010934
2.81205	0.0114606
2.81305	0.0121503
2.81405	0.0125596
2.81505	0.0134123
2.81605	0.0136535
2.81705	0.0144213
2.81805	0.0154609
2.81905	0.0163849
2.82004	0.0167213
2.82104	0.0177897
2.82204	0.0183231
2.82304	0.0196021
2.82404	0.0201813
2.82504	0.0214111
2.82604	0.0220244
2.82704	0.0231692
2.82804	0.0244177
2.82904	0.0249154
2.83004	0.0260501
2.83104	0.0281241
2.83204	0.0287985
2.83304	0.0300419
2.83404	0.0310101
2.83504	0.0328225
2.83604	0.034229
2.83704	0.0357136
2.83804	0.037419
2.83904	0.0385876
2.84004	0.0404595
2.84104	0.0420087
2.84204	0.0440181
2.84304	0.0456471
2.84404	0.0480167
2.84504	0.0501026
2.84604	0.0516755
2.84704	0.0537937
2.84804	0.0554872
2.84904	0.0580267
2.85004	0.0609347
2.85104	0.0635438
2.85204	0.0654276
2.85304	0.0685361
2.85404	0.0709855
2.85504	0.0740056
2.85604	0.0767727
2.85704	0.0800425
2.85804	0.0823221
2.85904	0.0864616
2.86003	0.0890317
2.86103	0.0929555
2.86203	0.0958346
2.86303	0.0996769
2.86403	0.103638
2.86503	0.107341
2.86603	0.111997
2.86703	0.114713
2.86803	0.119344
2.86903	0.122702
2.87003	0.128717
2.87103	0.133051
2.87203	0.137585
2.87303	0.142441
2.87403	0.146916
2.87503	0.153195
2.87603	0.157065
2.87703	0.162971
2.87803	0.168678
2.87903	0.174428
2.88003	0.179334
2.88103	0.185931
2.88203	0.192782
2.88303	0.199671
2.88403	0.206024
2.88503	0.212133
2.88603	0.220155
2.88703	0.226464
2.88803	0.233461
2.88903	0.241447
2.89003	0.249859
2.89103	0.256932
2.89203	0.265041
2.89303	0.272464
2.89403	0.281523
2.89503	0.290949
2.89603	0.299021
2.89703	0.308769
2.89803	0.317216
2.89903	0.327206
2.90002	0.334423
2.90102	0.344549
2.90202	0.35604
2.90302	0.36568
2.90402	0.377028
2.90502	0.388329
2.90602	0.397566
2.90702	0.410235
2.90802	0.419947
2.90902	0.433164
2.91002	0.444258
2.91102	0.455997
2.91202	0.469012
2.91302	0.482781
2.91402	0.495122
2.91502	0.508288
2.91602	0.52064
2.91702	0.534124
2.91802	0.5487
2.91902	0.561514
2.92002	0.576516
2.92102	0.593749
2.92202	0.605894
2.92302	0.621518
2.92402	0.635708
2.92502	0.650867
2.92602	0.668493
2.92702	0.683815
2.92802	0.699218
2.92902	0.719491
2.93002	0.734711
2.93102	0.751976
2.93202	0.765969
2.93302	0.788153
2.93402	0.804806
2.93502	0.820904
2.93602	0.842453
2.93702	0.859573
2.93802	0.879597
2.93902	0.897672
2.94001	0.916579
2.94101	0.93808
2.94201	0.961521
2.94301	0.977602
2.94401	0.996997
2.94501	1.01818
2.94601	1.03997
2.94701	1.06073
2.94801	1.08352
2.94901	1.10702
2.95001	1.1262
2.95101	1.14504
2.95201	1.16935
2.95301	1.19516
2.95401	1.2197
2.95501	1.23696
2.95601	1.26168
2.95701	1.28817
2.95801	1.31367
2.95901	1.33465
2.96001	1.35697
2.96101	1.38109
2.96201	1.40692
2.96301	1.43144
2.96401	1.45567
2.96501	1.48372
2.96601	1.50751
2.96701	1.53203
2.96801	1.55952
2.96901	1.58457
2.97001	1.6134
2.97101	1.64007
2.97201	1.66476
2.97301	1.68891
2.97401	1.72016
2.97501	1.74339
2.97601	1.77129
2.97701	1.79975
2.97801	1.82895
2.97901	1.8598
2.98	1.88316
2.981	1.90973
2.982	1.94046
2.983	1.96478
2.984	1.99452
2.985	2.02326
2.986	2.05212
2.987	2.07964
2.988	2.10407
2.989	2.1343
2.99	2.1685
2.991	2.19725
2.992	2.22393
2.993	2.25658
2.994	2.28348
2.995	2.31702
2.996	2.33884
2.997	2.36854
2.998	2.39826
2.999	2.42787
3.0	2.4601
3.001	2.48351
3.002	2.51666
3.003	2.54006
3.004	2.57988
3.005	2.60311
3.006	2.62923
3.007	2.66198
3.008	2.69188
3.009	2.71856
3.01	2.75397
3.011	2.7792
3.012	2.80145
3.013	2.84153
3.014	2.8682
3.015	2.89919
3.016	2.92106
3.017	2.9543
3.018	2.99141
3.019	3.01419
3.02	3.03575
3.02099	3.06875
3.02199	3.09838
3.02299	3.12913
3.02399	3.15035
3.02499	3.1864
3.02599	3.20681
3.02699	3.24099
3.02799	3.2573
3.02899	3.2951
3.02999	3.32304
3.03099	3.35037
3.03199	3.37223
3.03299	3.40343
3.03399	3.4331
3.03499	3.46191
3.03599	3.48447
3.03699	3.51425
3.03799	3.53551
3.03899	3.56973
3.03999	3.58835
3.04099	3.61479
3.04199	3.64222
3.04299	3.67265
3.04399	3.68752
3.04499	3.71842
3.04599	3.74102
3.04699	3.7657
3.04799	3.79882
3.04899	3.81894
3.04999	3.84491
3.05099	3.85805
3.05199	3.88213
3.05299	3.91602
3.05399	3.94476
3.05499	3.95666
3.05599	3.98365
3.05699	4.00345
3.05799	4.02739
3.05899	4.04897
3.05999	4.06967
3.06098	4.09221
3.06198	4.11564
3.06298	4.13356
3.06398	4.14906
3.06498	4.17533
3.06598	4.19645
3.06698	4.21106
3.06798	4.23827
3.06898	4.2549
3.06998	4.27234
3.07098	4.28807
3.07198	4.30139
3.07298	4.3291
3.07398	4.344
3.07498	4.36243
3.07598	4.37132
3.07698	4.39949
3.07798	4.41341
3.07898	4.42094
3.07998	4.43998
3.08098	4.4629
3.08198	4.47499
3.08298	4.48972
3.08398	4.49182
3.08498	4.51362
3.08598	4.52196
3.08698	4.53974
3.08798	4.55119
3.08898	4.56327
3.08998	4.5728
3.09098	4.58666
3.09198	4.5916
3.09298	4.60377
3.09398	4.61965
3.09498	4.61994
3.09598	4.62137
3.09698	4.63251
3.09798	4.6465
3.09898	4.64673
3.09998	4.6505
3.10097	4.66421
3.10197	4.66683
3.10297	4.68241
3.10397	4.67914
3.10497	4.68644
3.10597	4.68474
3.10697	4.68249
3.10797	4.68438
3.10897	4.69462
3.10997	4.69085
3.11097	4.68473
3.11197	4.68874
3.11297	4.68769
3.11397	4.69015
3.11497	4.68788
3.11597	4.67724
3.11697	4.68322
3.11797	4.67685
3.11897	4.67359
3.11997	4.65716
3.12097	4.65638
3.12197	4.64461
3.12297	4.64664
3.12397	4.6343
3.12497	4.62696
3.12597	4.62486
3.12697	4.60673
3.12797	4.59878
3.12897	4.59684
3.12997	4.57929
3.13097	4.56387
3.13197	4.53692
3.13297	4.54512
3.13397	4.5256
3.13497	4.50825
3.13597	4.48702
3.13697	4.48017
3.13797	4.45288
3.13897	4.44194
3.13997	4.41819
3.14096	4.40399
3.14196	4.38455
3.14296	4.36497
3.14396	4.33951
3.14496	4.31964
3.14596	4.30027
3.14696	4.26879
3.14796	4.24938
3.14896	4.22863
3.14996	4.20192
3.15096	4.17946
3.15196	4.14473
3.15296	4.1256
3.15396	4.10235
3.15496	4.07173
3.15596	4.03638
3.15696	4.0126
3.15796	3.98173
3.15896	3.95379
3.15996	3.91488
3.16096	3.89641
3.16196	3.8668
3.16296	3.82733
3.16396	3.79285
3.16496	3.75645
3.16596	3.72935
3.16696	3.6929
3.16796	3.66296
3.16896	3.62602
3.16996	3.58988
3.17096	3.55023
3.17196	3.51448
3.17296	3.48833
3.17396	3.44465
3.17496	3.41238
3.17596	3.36672
3.17696	3.33361
3.17796	3.29396
3.17896	3.26347
3.17996	3.21819
3.18095	3.17727
3.18195	3.14129
3.18295	3.10695
3.18395	3.06055
3.18495	3.02071
3.18595	2.98768
3.18695	2.94283
3.18795	2.89667
3.18895	2.86447
3.18995	2.82615
3.19095	2.78932
3.19195	2.74026
3.19295	2.7101
3.19395	2.66483
3.19495	2.6281
3.19595	2.57573
3.19695	2.54236
3.19795	2.50115
3.19895	2.46057
3.19995	2.41995
3.20095	2.38602
3.20195	2.34309
3.20295	2.3
3.20395	2.25862
3.20495	2.21837
3.20595	2.18312
3.20695	2.14717
3.20795	2.10254
3.20895	2.06543
3.20995	2.02491
3.21095	1.98838
3.21195	1.94853
3.21295	1.91107
3.21395	1.87334
3.21495	1.84115
3.21595	1.79393
3.21695	1.76223
3.21795	1.72603
3.21895	1.69162
3.21995	1.65382
3.22094	1.61982
3.22194	1.57907
3.22294	1.54872
3.22394	1.51114
3.22494	1.47984
3.22594	1.4462
3.22694	1.40856
3.22794	1.3808
3.22894	1.34912
3.22994	1.31659
3.23094	1.28415
3.23194	1.25192
3.23294	1.22003
3.23394	1.19152
3.23494	1.16293
3.23594	1.13051
3.23694	1.09961
3.23794	1.07253
3.23894	1.0458
3.23994	1.01856
3.24094	0.992067
3.24194	0.96295
3.24294	0.93799
3.24394	0.913046
3.24494	0.886281
3.24594	0.860693
3.24694	0.836102
3.24794	0.812445
3.24894	0.787659
3.24994	0.766371
3.25094	0.74068
3.25194	0.721071
3.25294	0.701008
3.25394	0.678406
3.25494	0.659039
3.25594	0.636549
3.25694	0.617796
3.25794	0.596434
3.25894	0.580085
3.25994	0.561018
3.26093	0.541153
3.26193	0.523207
3.26293	0.506487
3.26393	0.490534
3.26493	0.474594
3.26593	0.457072
3.26693	0.443086
3.26793	0.429118
3.26893	0.41124
3.26993	0.399564
3.27093	0.385122
3.27193	0.369332
3.27293	0.358214
3.27393	0.345476
3.27493	0.332319
3.27593	0.319949
3.27693	0.308946
3.27793	0.298163
3.27893	0.286638
3.27993	0.274097
3.28093	0.264545
3.28193	0.255172
3.28293	0.244648
3.28393	0.234928
3.28493	0.225153
3.28593	0.216418
3.28693	0.207918
3.28793	0.199471
3.28893	0.191338
3.28993	0.184465
3.29093	0.177397
3.29193	0.16918
3.29293	0.163241
3.29393	0.155696
3.29493	0.149754
3.29593	0.142892
3.29693	0.136603
3.29793	0.131259
3.29893	0.125571
3.29993	0.120247
3.30092	0.113359
3.30192	0.109419
3.30292	0.103833
3.30392	0.0997975
3.30492	0.0954711
3.30592	0.0904942
3.30692	0.0868268
3.30792	0.0825956
3.30892	0.0784611
3.30992	0.0753407
3.31092	0.0722068
3.31192	0.0682065
3.31292	0.0643863
3.31392	0.0622749
3.31492	0.0592106
3.31592	0.0559815
3.31692	0.0539738
3.31792	0.0501162
3.31892	0.0482834
3.31992	0.045642
3.32092	0.0435612
3.32192	0.0409063
3.32292	0.0391991
3.32392	0.0367548
3.32492	0.035452
3.32592	0.0339487
3.32692	0.032262
3.32792	0.0300809
3.32892	0.0286286
3.32992	0.0270523
3.33092	0.025549
3.33192	0.0242394
3.33292	0.0230096
3.33392	0.0218273
3.33492	0.0207028
3.33592	0.0194034
3.33692	0.0183298
3.33792	0.0171663
3.33892	0.016407
3.33992	0.0154422
3.34091	0.0146116
3.34191	0.0138217
3.34291	0.0130454
3.34391	0.012456
3.34491	0.0116305
3.34591	0.0105977
3.34691	0.0100321
3.34791	0.00972292
3.34891	0.0092609
3.34991	0.0086443
3.35091	0.00827909
3.35191	0.00751471
3.35291	0.00712233
3.35391	0.00686753
3.35491	0.00618639
3.35591	0.00584326
3.35691	0.00563264
3.35791	0.00520968
3.35891	0.0049345
3.35991	0.00442661
3.36091	0.00433319
3.36191	0.00412426
3.36291	0.00381851
3.36391	0.00350426
3.36491	0.00335138
3.36591	0.00297089
3.36691	0.00293352
3.36791	0.00278914
3.36891	0.00260229
3.36991	0.00237977
3.37091	0.0020961
3.37191	0.00202306
3.37291	0.00194492
3.37391	0.00184471
3.37491	0.00177846
3.37591	0.00161369
3.37691	0.00150328
3.37791	0.00134191
3.37891	0.00124849
3.37991	0.00115337
3.3809	0.00105654
3.3819	0.00108882
3.3829	0.00097501
3.3839	0.000871394
3.3849	0.000837421
3.3859	0.000750792
3.3869	0.000737203
3.3879	0.000672655
3.3889	0.000647176
3.3899	0.000565642
3.3909	0.000589422
3.3919	0.000494299
3.3929	0.000387286
3.3939	0.000433149
3.3949	0.000390683
3.3959	0.000353314
3.3969	0.000331232
3.3979	0.000336327
3.3989	0.000297259
3.3999	0.000268383
3.4009	0.00027178
3.4019	0.000258191
3.4029	0.000181753
3.4039	0.000203835
3.4049	0.000178355
3.4059	0.000169862
3.4069	0.000168164
3.4079	0.000144383
3.4089	0.000152876
3.4099	0.000130794
3.4109	0.000101917
3.4119	7.30408e-05
3.4129	9.51229e-05
3.4139	9.68215e-05
3.4149	7.13422e-05
3.4159	7.30408e-05
3.4169	7.13422e-05
3.4179	5.77532e-05
3.4189	5.26573e-05
3.4199	2.88766e-05
3.42089	4.0767e-05
3.42189	4.75615e-05
3.42289	3.05752e-05
3.42389	4.24656e-05
3.42489	3.90683e-05
3.42589	3.56711e-05
3.42689	3.73697e-05
3.42789	3.05752e-05
3.42889	1.86849e-05
3.42989	1.52876e-05
3.43089	2.7178e-05
3.43189	1.3589e-05
3.43289	1.52876e-05
3.43389	1.18904e-05
3.43489	8.49312e-06
3.43589	6.79449e-06
3.43689	1.3589e-05
3.43789	1.01917e-05
3.43889	1.52876e-05
3.43989	6.79449e-06
3.44089	3.39725e-06
3.44189	6.79449e-06
3.44289	1.52876e-05
3.44389	8.49312e-06
3.44489	6.79449e-06
3.44589	1.69862e-06
3.44689	8.49312e-06
3.44789	8.49312e-06
3.44889	5.09587e-06
3.44989	8.49312e-06
3.45089	1.69862e-06
3.45189	3.39725e-06
3.45289	1.69862e-06
3.45389	0.0
3.45489	3.39725e-06
3.45589	1.69862e-06
3.45689	1.69862e-06
3.45789	5.09587e-06
3.45889	3.39725e-06
3.45989	3.39725e-06
3.46088	3.39725e-06
3.46188	0.0
3.46288	0.0
3.46388	0.0
3.46488	0.0
3.46588	1.69862e-06
3.46688	0.0
3.46788	0.0
3.46888	3.39725e-06
3.46988	3.39725e-06
3.47088	0.0
3.47188	1.69862e-06
3.47288	0.0
3.47388	1.69862e-06
3.47488	0.0
3.47588	0.0
3.47688	0.0
3.47788	0.0
3.47888	0.0
3.47988	0.0
3.48088	0.0
3.48188	0.0
3.48288	0.0
3.48388	0.0
3.48488	0.0
3.48588	0.0
3.48688	1.69862e-06
3.48788	0.0
3.48888	0.0
3.48988	0.0
3.49088	0.0
3.49188	0.0
3.49288	0.0
3.49388	0.0
3.49488	0.0
3.49588	0.0
3.49688	0.0
3.49788	0.0
3.49888	0.0
3.49988	0.0
3.50087	0.0
3.50187	0.0
3.50287	0.0
3.50387	0.0
3.50487	0.0
3.50587	0.0
3.50687	0.0
3.50787	0.0
3.50887	0.0
3.50987	0.0
3.51087	0.0
3.51187	0.0
3.51287	0.0
3.51387	0.0
3.51487	0.0
3.51587	0.0
3.51687	0.0
3.51787	0.0
3.51887	0.0
3.51987	0.0
3.52087	0.0
3.52187	0.0
3.52287	0.0
3.52387	0.0
3.52487	0.0
3.52587	0.0
3.52687	0.0
3.52787	0.0
3.52887	0.0
3.52987	0.0
3.53087	0.0
3.53187	0.0
3.53287	0.0
3.53387	0.0
3.53487	0.0
3.53587	0.0
3.53687	0.0
3.53787	0.0
3.53887	0.0
3.53987	0.0
3.54086	0.0
3.54186	0.0
3.54286	0.0
3.54386	0.0
3.54486	0.0
3.54586	0.0
3.54686	0.0
3.54786	0.0
3.54886	0.0
3.54986	0.0
3.55086	0.0
3.55186	0.0
3.55286	0.0
3.55386	0.0
3.55486	0.0
3.55586	0.0
3.55686	0.0
3.55786	0.0
3.55886	0.0
3.55986	0.0
3.56086	0.0
3.56186	0.0
3.56286	0.0
3.56386	0.0
3.56486	0.0
3.56586	0.0
3.56686	0.0
3.56786	0.0
3.56886	0.0
3.56986	0.0
3.57086	0.0
3.57186	0.0
3.57286	0.0
3.57386	0.0
3.57486	0.0
3.57586	0.0
3.57686	0.0
3.57786	0.0
3.57886	0.0
3.57986	0.0
3.58085	0.0
3.58185	0.0
3.58285	0.0
3.58385	0.0
3.58485	0.0
3.58585	0.0
3.58685	0.0
3.58785	0.0
3.58885	0.0
3.58985	0.0
3.59085	0.0
3.59185	0.0
3.59285	0.0
3.59385	0.0
3.59485	0.0
3.59585	0.0
3.59685	0.0
3.59785	0.0
3.59885	0.0
3.59985	0.0
3.60085	0.0
3.60185	0.0
3.60285	0.0
3.60385	0.0
3.60485	0.0
3.60585	0.0
3.60685	0.0
3.60785	0.0
3.60885	0.0
3.60985	0.0
3.61085	0.0
3.61185	0.0
3.61285	0.0
3.61385	0.0
3.61485	0.0
3.61585	0.0
3.61685	0.0
3.61785	0.0
3.61885	0.0
3.61985	0.0
3.62084	0.0
3.62184	0.0
3.62284	0.0
3.62384	0.0
3.62484	0.0
3.62584	0.0
3.62684	0.0
3.62784	0.0
3.62884	0.0
3.62984	0.0
3.63084	0.0
3.63184	0.0
3.63284	0.0
3.63384	0.0
3.63484	0.0
3.63584	0.0
3.63684	0.0
3.63784	0.0
3.63884	0.0
3.63984	0.0
3.64084	0.0
3.64184	0.0
3.64284	0.0
3.64384	0.0
3.64484	0.0
3.64584	0.0
3.64684	0.0
3.64784	0.0
3.64884	0.0
3.64984	0.0
3.65084	0.0
3.65184	0.0
3.65284	0.0
3.65384	0.0
3.65484	0.0
3.65584	0.0
3.65684	0.0
3.65784	0.0
3.65884	0.0
3.65984	0.0
3.66083	0.0
3.66183	0.0
3.66283	0.0
3.66383	0.0
3.66483	0.0
3.66583	0.0
3.66683	0.0
3.66783	0.0
3.66883	0.0
3.66983	0.0
3.67083	0.0
3.67183	0.0
3.67283	0.0
3.67383	0.0
3.67483	0.0
3.67583	0.0
3.67683	0.0
3.67783	0.0
3.67883	0.0
3.67983	0.0
3.68083	0.0
3.68183	0.0
3.68283	0.0
3.68383	0.0
3.68483	0.0
3.68583	0.0
3.68683	0.0
3.68783	0.0
3.68883	0.0
3.68983	0.0
3.69083	0.0
3.69183	0.0
3.69283	0.0
3.69383	0.0
3.69483	0.0
3.69583	0.0
3.69683	0.0
3.69783	0.0
3.69883	0.0
3.69983	0.0
3.70082	0.0
3.70182	0.0
3.70282	0.0
3.70382	0.0
3.70482	0.0
3.70582	0.0
3.70682	0.0
3.70782	0.0
3.70882	0.0
3.70982	0.0
3.71082	0.0
3.71182	0.0
3.71282	0.0
3.71382	0.0
3.71482	0.0
3.71582	0.0
3.71682	0.0
3.71782	0.0
3.71882	0.0
3.71982	0.0
3.72082	0.0
3.72182	0.0
3.72282	0.0
3.72382	0.0
3.72482	0.0
3.72582	0.0
3.72682	0.0
3.72782	0.0
3.72882	0.0
3.72982	0.0
3.73082	0.0
3.73182	0.0
3.73282	0.0
3.73382	0.0
3.73482	0.0
3.73582	0.0
3.73682	0.0
3.73782	0.0
3.73882	0.0
3.73982	0.0
3.74081	0.0
3.74181	0.0
3.74281	0.0
3.74381	0.0
3.74481	0.0
3.74581	0.0
3.74681	0.0
3.74781	0.0
3.74881	0.0
3.74981	0.0
3.75081	0.0
3.75181	0.0
3.75281	0.0
3.75381	0.0
3.75481	0.0
3.75581	0.0
3.75681	0.0
3.75781	0.0
3.75881	0.0
3.75981	0.0
3.76081	0.0
3.76181	0.0
3.76281	0.0
3.76381	0.0
3.76481	0.0
3.76581	0.0
3.76681	0.0
3.76781	0.0
3.76881	0.0
3.76981	0.0
3.77081	0.0
3.77181	0.0
3.77281	0.0
3.77381	0.0
3.77481	0.0
3.77581	0.0
3.77681	0.0
3.77781	0.0
3.77881	0.0
3.77981	0.0
3.7808	0.0
3.7818	0.0
3.7828	0.0
3.7838	0.0
3.7848	0.0
3.7858	0.0
3.7868	0.0
3.7878	0.0
3.7888	0.0
3.7898	0.0
3.7908	0.0
3.7918	0.0
3.7928	0.0
3.7938	0.0
3.7948	0.0
3.7958	0.0
3.7968	0.0
3.7978	0.0
3.7988	0.0
3.7998	0.0
3.8008	0.0
3.8018	0.0
3.8028	0.0
3.8038	0.0
3.8048	0.0
3.8058	0.0
3.8068	0.0
3.8078	0.0
3.8088	0.0
3.8098	0.0
3.8108	0.0
3.8118	0.0
3.8128	0.0
3.8138	0.0
3.8148	0.0
3.8158	0.0
3.8168	0.0
3.8178	0.0
3.8188	0.0
3.8198	0.0
3.82079	0.0
3.82179	0.0
3.82279	0.0
3.82379	0.0
3.82479	0.0
3.82579	0.0
3.82679	0.0
3.82779	0.0
3.82879	0.0
3.82979	0.0
3.83079	0.0
3.83179	0.0
3.83279	0.0
3.83379	0.0
3.83479	0.0
3.83579	0.0
3.83679	0.0
3.83779	0.0
3.83879	0.0
3.83979	0.0
3.84079	0.0
3.84179	0.0
3.84279	0.0
3.84379	0.0
3.84479	0.0
3.84579	0.0
3.84679	0.0
3.84779	0.0
3.84879	0.0
3.84979	0.0
3.85079	0.0
3.85179	0.0
3.85279	0.0
3.85379	0.0
3.85479	0.0
3.85579	0.0
3.85679	0.0
3.85779	0.0
3.85879	0.0
3.85979	0.0
3.86078	0.0
3.86178	0.0
3.86278	0.0
3.86378	0.0
3.86478	0.0
3.86578	0.0
3.86678	0.0
3.86778	0.0
3.86878	0.0
3.86978	0.0
3.87078	0.0
3.87178	0.0
3.87278	0.0
3.87378	0.0
3.87478	0.0
3.87578	0.0
3.87678	0.0
3.87778	0.0
3.87878	0.0
3.87978	0.0
3.88078	0.0
3.88178	0.0
3.88278	0.0
3.88378	0.0
3.88478	0.0
3.88578	0.0
3.88678	0.0
3.88778	0.0
3.88878	0.0
3.88978	0.0
3.89078	0.0
3.89178	0.0
3.89278	0.0
3.89378	0.0
3.89478	0.0
3.89578	0.0
3.89678	0.0
3.89778	0.0
3.89878	0.0
3.89978	0.0
3.90077	0.0
3.90177	0.0
3.90277	0.0
3.90377	0.0
3.90477	0.0
3.90577	0.0
3.90677	0.0
3.90777	0.0
3.90877	0.0
3.90977	0.0
3.91077	0.0
3.91177	0.0
3.91277	0.0
3.91377	0.0
3.91477	0.0
3.91577	0.0
3.91677	0.0
3.91777	0.0
3.91877	0.0
3.91977	0.0
3.92077	0.0
3.92177	0.0
3.92277	0.0
3.92377	0.0
3.92477	0.0
3.92577	0.0
3.92677	0.0
3.92777	0.0
3.92877	0.0
3.92977	0.0
3.93077	0.0
3.93177	0.0
3.93277	0.0
3.93377	0.0
3.93477	0.0
3.93577	0.0
3.93677	0.0
3.93777	0.0
3.93877	0.0
3.93977	0.0
3.94076	0.0
3.94176	0.0
3.94276	0.0
3.94376	0.0
3.94476	0.0
3.94576	0.0
3.94676	0.0
3.94776	0.0
3.94876	0.0
3.94976	0.0
3.95076	0.0
3.95176	0.0
3.95276	0.0
3.95376	0.0
3.95476	0.0
3.95576	0.0
3.95676	0.0
3.95776	0.0
3.95876	0.0
3.95976	0.0
3.96076	0.0
3.96176	0.0
3.96276	0.0
3.96376	0.0
3.96476	0.0
3.96576	0.0
3.96676	0.0
3.96776	0.0
3.96876	0.0
3.96976	0.0
3.97076	0.0
3.97176	0.0
3.97276	0.0
3.97376	0.0
3.97476	0.0
3.97576	0.0
3.97676	0.0
3.97776	0.0
3.97876	0.0
3.97976	0.0
3.98075	0.0
3.98175	0.0
3.98275	0.0
3.98375	0.0
3.98475	0.0
3.98575	0.0
3.98675	0.0
3.98775	0.0
3.98875	0.0
3.98975	0.0
3.99075	0.0
3.99175	0.0
3.99275	0.0
3.99375	0.0
3.99475	0.0
3.99575	0.0
3.99675	0.0
3.99775	0.0
3.99875	0.0
3.99975	0.0
4.00075	0.0
4.00175	0.0
4.00275	0.0
4.00375	0.0
4.00475	0.0
4.00575	0.0
4.00675	0.0
4.00775	0.0
4.00875	0.0
4.00975	0.0
4.01075	0.0
4.01175	0.0
4.01275	0.0
4.01375	0.0
4.01475	0.0
4.01575	0.0
4.01675	0.0
4.01775	0.0
4.01875	0.0
4.01975	0.0
4.02074	0.0
4.02174	0.0
4.02274	0.0
4.02374	0.0
4.02474	0.0
4.02574	0.0
4.02674	0.0
4.02774	0.0
4.02874	0.0
4.02974	0.0
4.03074	0.0
4.03174	0.0
4.03274	0.0
4.03374	0.0
4.03474	0.0
4.03574	0.0
4.03674	0.0
4.03774	0.0
4.03874	0.0
4.03974	0.0
4.04074	0.0
4.04174	0.0
4.04274	0.0
4.04374	0.0
4.04474	0.0
4.04574	0.0
4.04674	0.0
4.04774	0.0
4.04874	0.0
4.04974	0.0
4.05074	0.0
4.05174	0.0
4.05274	0.0
4.05374	0.0
4.05474	0.0
4.05574	0.0
4.05674	0.0
4.05774	0.0
4.05874	0.0
4.05974	0.0
4.06073	0.0
4.06173	0.0
4.06273	0.0
4.06373	0.0
4.06473	0.0
4.06573	0.0
4.06673	0.0
4.06773	0.0
4.06873	0.0
4.06973	0.0
4.07073	0.0
4.07173	0.0
4.07273	0.0
4.07373	0.0
4.07473	0.0
4.07573	0.0
4.07673	0.0
4.07773	0.0
4.07873	0.0
4.07973	0.0
4.08073	0.0
4.08173	0.0
4.08273	0.0
4.08373	0.0
4.08473	0.0
4.08573	0.0
4.08673	0.0
4.08773	0.0
4.08873	0.0
4.08973	0.0
4.09073	0.0
4.09173	0.0
4.09273	0.0
4.09373	0.0
4.09473	0.0
4.09573	0.0
4.09673	0.0
4.09773	0.0
4.09873	0.0
4.09973	0.0
4.10072	0.0
4.10172	0.0
4.10272	0.0
4.10372	0.0
4.10472	0.0
4.10572	0.0
4.10672	0.0
4.10772	0.0
4.10872	0.0
4.10972	0.0
4.11072	0.0
4.11172	0.0
4.11272	0.0
4.11372	0.0
4.11472	0.0
4.11572	0.0
4.11672	0.0
4.11772	0.0
4.11872	0.0
4.11972	0.0
4.12072	0.0
4.12172	0.0
4.12272	0.0
4.12372	0.0
4.12472	0.0
4.12572	0.0
4.12672	0.0
4.12772	0.0
4.12872	0.0
4.12972	0.0
4.13072	0.0
4.13172	0.0
4.13272	0.0
4.13372	0.0
4.13472	0.0
4.13572	0.0
4.13672	0.0
4.13772	0.0
4.13872	0.0
4.13972	0.0
4.14071	0.0
4.14171	0.0
4.14271	0.0
4.14371	0.0
4.14471	0.0
4.14571	0.0
4.14671	0.0
4.14771	0.0
4.14871	0.0
4.14971	0.0
4.15071	0.0
4.15171	0.0
4.15271	0.0
4.15371	0.0
4.15471	0.0
4.15571	0.0
4.15671	0.0
4.15771	0.0
4.15871	0.0
4.15971	0.0
4.16071	0.0
4.16171	0.0
4.16271	0.0
4.16371	0.0
4.16471	0.0
4.16571	0.0
4.16671	0.0
4.16771	0.0
4.16871	0.0
4.16971	0.0
4.17071	0.0
4.17171	0.0
4.17271	0.0
4.17371	0.0
4.17471	0.0
4.17571	0.0
4.17671	0.0
4.17771	0.0
4.17871	0.0
4.17971	0.0
4.1807	0.0
4.1817	0.0
4.1827	0.0
4.1837	0.0
4.1847	0.0
4.1857	0.0
4.1867	0.0
4.1877	0.0
4.1887	0.0
4.1897	0.0
4.1907	0.0
4.1917	0.0
4.1927	0.0
4.1937	0.0
4.1947	0.0
4.1957	0.0
4.1967	0.0
4.1977	0.0
4.1987	0.0
4.1997	0.0
4.2007	0.0
4.2017	0.0
4.2027	0.0
4.2037	0.0
4.2047	0.0
4.2057	0.0
4.2067	0.0
4.2077	0.0
4.2087	0.0
4.2097	0.0
4.2107	0.0
4.2117	0.0
4.2127	0.0
4.2137	0.0
4.2147	0.0
4.2157	0.0
4.2167	0.0
4.2177	0.0
4.2187	0.0
4.2197	0.0
4.22069	0.0
4.22169	0.0
4.22269	0.0
4.22369	0.0
4.22469	0.0
4.22569	0.0
4.22669	0.0
4.22769	0.0
4.22869	0.0
4.22969	0.0
4.23069	0.0
4.23169	0.0
4.23269	0.0
4.23369	0.0
4.23469	0.0
4.23569	0.0
4.23669	0.0
4.23769	0.0
4.23869	0.0
4.23969	0.0
4.24069	0.0
4.24169	0.0
4.24269	0.0
4.24369	0.0
4.24469	0.0
4.24569	0.0
4.24669	0.0
4.24769	0.0
4.24869	0.0
4.24969	0.0
4.25069	0.0
4.25169	0.0
4.25269	0.0
4.25369	0.0
4.25469	0.0
4.25569	0.0
4.25669	0.0
4.25769	0.0
4.25869	0.0
4.25969	0.0
4.26068	0.0
4.26168	0.0
4.26268	0.0
4.26368	0.0
4.26468	0.0
4.26568	0.0
4.26668	0.0
4.26768	0.0
4.26868	0.0
4.26968	0.0
4.27068	0.0
4.27168	0.0
4.27268	0.0
4.27368	0.0
4.27468	0.0
4.27568	0.0
4.27668	0.0
4.27768	0.0
4.27868	0.0
4.27968	0.0
4.28068	0.0
4.28168	0.0
4.28268	0.0
4.28368	0.0
4.28468	0.0
4.28568	0.0
4.28668	0.0
4.28768	0.0
4.28868	0.0
4.28968	0.0
4.29068	0.0
4.29168	0.0
4.29268	0.0
4.29368	0.0
4.29468	0.0
4.29568	0.0
4.29668	0.0
4.29768	0.0
4.29868	0.0
4.29968	0.0
4.30067	0.0
4.30167	0.0
4.30267	0.0
4.30367	0.0
4.30467	0.0
4.30567	0.0
4.30667	0.0
4.30767	0.0
4.30867	0.0
4.30967	0.0
4.31067	0.0
4.31167	0.0
4.31267	0.0
4.31367	0.0
4.31467	0.0
4.31567	0.0
4.31667	0.0
4.31767	0.0
4.31867	0.0
4.31967	0.0
4.32067	0.0
4.32167	0.0
4.32267	0.0
4.32367	0.0
4.32467	0.0
4.32567	0.0
4.32667	0.0
4.32767	0.0
4.32867	0.0
4.32967	0.0
4.33067	0.0
4.33167	0.0
4.33267	0.0
4.33367	0.0
4.33467	0.0
4.33567	0.0
4.33667	0.0
4.33767	0.0
4.33867	0.0
4.33967	0.0
4.34066	0.0
4.34166	0.0
4.34266	0.0
4.34366	0.0
4.34466	0.0
4.34566	0.0
4.34666	0.0
4.34766	0.0
4.34866	0.0
4.34966	0.0
4.35066	0.0
4.35166	0.0
4.35266	0.0
4.35366	0.0
4.35466	0.0
4.35566	0.0
4.35666	0.0
4.35766	0.0
4.35866	0.0
4.35966	0.0
4.36066	0.0
4.36166	0.0
4.36266	0.0
4.36366	0.0
4.36466	0.0
4.36566	0.0
4.36666	0.0
4.36766	0.0
4.36866	0.0
4.36966	0.0
4.37066	0.0
4.37166	0.0
4.37266	0.0
4.37366	0.0
4.37466	0.0
4.37566	0.0
4.37666	0.0
4.37766	0.0
4.37866	0.0
4.37966	0.0
4.38065	0.0
4.38165	0.0
4.38265	0.0
4.38365	0.0
4.38465	0.0
4.38565	0.0
4.38665	0.0
4.38765	0.0
4.38865	0.0
4.38965	0.0
4.39065	0.0
4.39165	0.0
4.39265	0.0
4.39365	0.0
4.39465	0.0
4.39565	0.0
4.39665	0.0
4.39765	0.0
4.39865	0.0
4.39965	0.0
4.40065	0.0
4.40165	0.0
4.40265	0.0
4.40365	0.0
4.40465	0.0
4.40565	0.0
4.40665	0.0
4.40765	0.0
4.40865	0.0
4.40965	0.0
4.41065	0.0
4.41165	0.0
4.41265	0.0
4.41365	0.0
4.41465	0.0
4.41565	0.0
4.41665	0.0
4.41765	0.0
4.41865	0.0
4.41965	0.0
4.42064	0.0
4.42164	0.0
4.42264	0.0
4.42364	0.0
4.42464	0.0
4.42564	0.0
4.42664	0.0
4.42764	0.0
4.42864	0.0
4.42964	0.0
4.43064	0.0
4.43164	0.0
4.43264	0.0
4.43364	0.0
4.43464	0.0
4.43564	0.0
4.43664	0.0
4.43764	0.0
4.43864	0.0
4.43964	0.0
4.44064	0.0
4.44164	0.0
4.44264	0.0
4.44364	0.0
4.44464	0.0
4.44564	0.0
4.44664	0.0
4.44764	0.0
4.44864	0.0
4.44964	0.0
4.45064	0.0
4.45164	0.0
4.45264	0.0
4.45364	0.0
4.45464	0.0
4.45564	0.0
4.45664	0.0
4.45764	0.0
4.45864	0.0
4.45964	0.0
4.46063	0.0
4.46163	0.0
4.46263	0.0
4.46363	0.0
4.46463	0.0
4.46563	0.0
4.46663	0.0
4.46763	0.0
4.46863	0.0
4.46963	0.0
4.47063	0.0
4.47163	0.0
4.47263	0.0
4.47363	0.0
4.47463	0.0
4.47563	0.0
4.47663	0.0
4.47763	0.0
4.47863	0.0
4.47963	0.0
4.48063	0.0
4.48163	0.0
4.48263	0.0
4.48363	0.0
4.48463	0.0
4.48563	0.0
4.48663	0.0
4.48763	0.0
4.48863	0.0
4.48963	0.0
4.49063	0.0
4.49163	0.0
4.49263	0.0
4.49363	0.0
4.49463	0.0
4.49563	0.0
4.49663	0.0
4.49763	0.0
4.49863	0.0
4.49963	0.0
4.50062	0.0
4.50162	0.0
4.50262	0.0
4.50362	0.0
4.50462	0.0
4.50562	0.0
4.50662	0.0
4.50762	0.0
4.50862	0.0
4.50962	0.0
4.51062	0.0
4.51162	0.0
4.51262	0.0
4.51362	0.0
4.51462	0.0
4.51562	0.0
4.51662	0.0
4.51762	0.0
4.51862	0.0
4.51962	0.0
4.52062	0.0
4.52162	0.0
4.52262	0.0
4.52362	0.0
4.52462	0.0
4.52562	0.0
4.52662	0.0
4.52762	0.0
4.52862	0.0
4.52962	0.0
4.53062	0.0
4.53162	0.0
4.53262	0.0
4.53362	0.0
4.53462	0.0
4.53562	0.0
4.53662	0.0
4.53762	0.0
4.53862	0.0
4.53962	0.0
4.54061	0.0
4.54161	0.0
4.54261	0.0
4.54361	0.0
4.54461	0.0
4.54561	0.0
4.54661	0.0
4.54761	0.0
4.54861	0.0
4.54961	0.0
4.55061	0.0
4.55161	0.0
4.55261	0.0
4.55361	0.0
4.55461	0.0
4.55561	0.0
4.55661	0.0
4.55761	0.0
4.55861	0.0
4.55961	0.0
4.56061	0.0
4.56161	0.0
4.56261	0.0
4.56361	0.0
4.56461	0.0
4.56561	0.0
4.56661	0.0
4.56761	0.0
4.56861	0.0
4.56961	0.0
4.57061	0.0
4.57161	0.0
4.57261	0.0
4.57361	0.0
4.57461	0.0
4.57561	0.0
4.57661	0.0
4.57761	0.0
4.57861	0.0
4.57961	0.0
4.5806	0.0
4.5816	0.0
4.5826	0.0
4.5836	0.0
4.5846	0.0
4.5856	0.0
4.5866	0.0
4.5876	0.0
4.5886	0.0
4.5896	0.0
4.5906	0.0
4.5916	0.0
4.5926	0.0
4.5936	0.0
4.5946	0.0
4.5956	0.0
4.5966	0.0
4.5976	0.0
4.5986	0.0
4.5996	0.0
4.6006	0.0
4.6016	0.0
4.6026	0.0
4.6036	0.0
4.6046	0.0
4.6056	0.0
4.6066	0.0
4.6076	0.0
4.6086	0.0
4.6096	0.0
4.6106	0.0
4.6116	0.0
4.6126	0.0
4.6136	0.0
4.6146	0.0
4.6156	0.0
4.6166	0.0
4.6176	0.0
4.6186	0.0
4.6196	0.0
4.62059	0.0
4.62159	0.0
4.62259	0.0
4.62359	0.0
4.62459	0.0
4.62559	0.0
4.62659	0.0
4.62759	0.0
4.62859	0.0
4.62959	0.0
4.63059	0.0
4.63159	0.0
4.63259	0.0
4.63359	0.0
4.63459	0.0
4.63559	0.0
4.63659	0.0
4.63759	0.0
4.63859	0.0
4.63959	0.0
4.64059	0.0
4.64159	0.0
4.64259	0.0
4.64359	0.0
4.64459	0.0
4.64559	0.0
4.64659	0.0
4.64759	0.0
4.64859	0.0
4.64959	0.0
4.65059	0.0
4.65159	0.0
4.65259	0.0
4.65359	0.0
4.65459	0.0
4.65559	0.0
4.65659	0.0
4.65759	0.0
4.65859	0.0
4.65959	0.0
4.66058	0.0
4.66158	0.0
4.66258	0.0
4.66358	0.0
4.66458	0.0
4.66558	0.0
4.66658	0.0
4.66758	0.0
4.66858	0.0
4.66958	0.0
4.67058	0.0
4.67158	0.0
4.67258	0.0
4.67358	0.0
4.67458	0.0
4.67558	0.0
4.67658	0.0
4.67758	0.0
4.67858	0.0
4.67958	0.0
4.68058	0.0
4.68158	0.0
4.68258	0.0
4.68358	0.0
4.68458	0.0
4.68558	0.0
4.68658	0.0
4.68758	0.0
4.68858	0.0
4.68958	0.0
4.69058	0.0
4.69158	0.0
4.69258	0.0
4.69358	0.0
4.69458	0.0
4.69558	0.0
4.69658	0.0
4.69758	0.0
4.69858	0.0
4.69958	0.0
4.70057	0.0
4.70157	0.0
4.70257	0.0
4.70357	0.0
4.70457	0.0
4.70557	0.0
4.70657	0.0
4.70757	0.0
4.70857	0.0
4.70957	0.0
4.71057	0.0
4.71157	0.0
4.71257	0.0
4.71357	0.0
4.71457	0.0
4.71557	0.0
4.71657	0.0
4.71757	0.0
4.71857	0.0
4.71957	0.0
4.72057	0.0
4.72157	0.0
4.72257	0.0
4.72357	0.0
4.72457	0.0
4.72557	0.0
4.72657	0.0
4.72757	0.0
4.72857	0.0
4.72957	0.0
4.73057	0.0
4.73157	0.0
4.73257	0.0
4.73357	0.0
4.73457	0.0
4.73557	0.0
4.73657	0.0
4.73757	0.0
4.73857	0.0
4.73957	0.0
4.74056	0.0
4.74156	0.0
4.74256	0.0
4.74356	0.0
4.74456	0.0
4.74556	0.0
4.74656	0.0
4.74756	0.0
4.74856	0.0
4.74956	0.0
4.75056	0.0
4.75156	0.0
4.75256	0.0
4.75356	0.0
4.75456	0.0
4.75556	0.0
4.75656	0.0
4.75756	0.0
4.75856	0.0
4.75956	0.0
4.76056	0.0
4.76156	0.0
4.76256	0.0
4.76356	0.0
4.76456	0.0
4.76556	0.0
4.76656	0.0
4.76756	0.0
4.76856	0.0
4.76956	0.0
4.77056	0.0
4.77156	0.0
4.77256	0.0
4.77356	0.0
4.77456	0.0
4.77556	0.0
4.77656	0.0
4.77756	0.0
4.77856	0.0
4.77956	0.0
4.78055	0.0
4.78155	0.0
4.78255	0.0
4.78355	0.0
4.78455	0.0
4.78555	0.0
4.78655	0.0
4.78755	0.0
4.78855	0.0
4.78955	0.0
4.79055	0.0
4.79155	0.0
4.79255	0.0
4.79355	0.0
4.79455	0.0
4.79555	0.0
4.79655	0.0
4.79755	0.0
4.79855	0.0
4.79955	0.0
4.80055	0.0
4.80155	0.0
4.80255	0.0
4.80355	0.0
4.80455	0.0
4.80555	0.0
4.80655	0.0
4.80755	0.0
4.80855	0.0
4.80955	0.0
4.81055	0.0
4.81155	0.0
4.81255	0.0
4.81355	0.0
4.81455	0.0
4.81555	0.0
4.81655	0.0
4.81755	0.0
4.81855	0.0
4.81955	0.0
4.82054	0.0
4.82154	0.0
4.82254	0.0
4.82354	0.0
4.82454	0.0
4.82554	0.0
4.82654	0.0
4.82754	0.0
4.82854	0.0
4.82954	0.0
4.83054	0.0
4.83154	0.0
4.83254	0.0
4.83354	0.0
4.83454	0.0
4.83554	0.0
4.83654	0.0
4.83754	0.0
4.83854	0.0
4.83954	0.0
4.84054	0.0
4.84154	0.0
4.84254	0.0
4.84354	0.0
4.84454	0.0
4.84554	0.0
4.84654	0.0
4.84754	0.0
4.84854	0.0
4.84954	0.0
4.85054	0.0
4.85154	0.0
4.85254	0.0
4.85354	0.0
4.85454	0.0
4.85554	0.0
4.85654	0.0
4.85754	0.0
4.85854	0.0
4.85954	0.0
4.86053	0.0
4.86153	0.0
4.86253	0.0
4.86353	0.0
4.86453	0.0
4.86553	0.0
4.86653	0.0
4.86753	0.0
4.86853	0.0
4.86953	0.0
4.87053	0.0
4.87153	0.0
4.87253	0.0
4.87353	0.0
4.87453	0.0
4.87553	0.0
4.87653	0.0
4.87753	0.0
4.87853	0.0
4.87953	0.0
4.88053	0.0
4.88153	0.0
4.88253	0.0
4.88353	0.0
4.88453	0.0
4.88553	0.0
4.88653	0.0
4.88753	0.0
4.88853	0.0
4.88953	0.0
4.89053	0.0
4.89153	0.0
4.89253	0.0
4.89353	0.0
4.89453	0.0
4.89553	0.0
4.89653	0.0
4.89753	0.0
4.89853	0.0
4.89953	0.0
4.90052	0.0
4.90152	0.0
4.90252	0.0
4.90352	0.0
4.90452	0.0
4.90552	0.0
4.90652	0.0
4.90752	0.0
4.90852	0.0
4.90952	0.0
4.91052	0.0
4.91152	0.0
4.91252	0.0
4.91352	0.0
4.91452	0.0
4.91552	0.0
4.91652	0.0
4.91752	0.0
4.91852	0.0
4.91952	0.0
4.92052	0.0
4.92152	0.0
4.92252	0.0
4.92352	0.0
4.92452	0.0
4.92552	0.0
4.92652	0.0
4.92752	0.0
4.92852	0.0
4.92952	0.0
4.93052	0.0
4.93152	0.0
4.93252	0.0
4.93352	0.0
4.93452	0.0
4.93552	0.0
4.93652	0.0
4.93752	0.0
4.93852	0.0
4.93952	0.0
4.94051	0.0
4.94151	0.0
4.94251	0.0
4.94351	0.0
4.94451	0.0
4.94551	0.0
4.94651	0.0
4.94751	0.0
4.94851	0.0
4.94951	0.0
4.95051	0.0
4.95151	0.0
4.95251	0.0
4.95351	0.0
4.95451	0.0
4.95551	0.0
4.95651	0.0
4.95751	0.0
4.95851	0.0
4.95951	0.0
4.96051	0.0
4.96151	0.0
4.96251	0.0
4.96351	0.0
4.96451	0.0
4.96551	0.0
4.96651	0.0
4.96751	0.0
4.96851	0.0
4.96951	0.0
4.97051	0.0
4.97151	0.0
4.97251	0.0
4.97351	0.0
4.97451	0.0
4.97551	0.0
4.97651	0.0
4.97751	0.0
4.97851	0.0
4.97951	0.0
4.9805	0.0
4.9815	0.0
4.9825	0.0
4.9835	0.0
4.9845	0.0
4.9855	0.0
4.9865	0.0
4.9875	0.0
4.9885	0.0
4.9895	0.0
4.9905	0.0
4.9915	0.0
4.9925	0.0
4.9935	0.0
4.9945	0.0
4.9955	0.0
4.9965	0.0
4.9975	0.0
4.9985	0.0
4.9995	0.0
