0 897.456
5e-06 764.943
1e-05 789.644
1.5e-05 811.288
2e-05 762.608
2.5e-05 709.99
3e-05 778.957
3.5e-05 803.326
4e-05 827.778
4.5e-05 828.076
5e-05 828.319
5.5e-05 828.471
6e-05 827.052
6.5e-05 800.466
7e-05 851.059
7.5e-05 846.033
8e-05 799.187
8.5e-05 771.977
9e-05 770.648
9.5e-05 821.214
0.0001 772.332
0.000105 770.742
0.00011 819.578
0.000115 752.975
0.00012 724.277
0.000125 698.429
0.00013 743.882
0.000135 722.914
0.00014 744.593
0.000145 742.917
0.00015 791.001
0.000155 742.165
0.00016 717.815
0.000165 722.836
0.00017 722.362
0.000175 740.626
0.00018 807.964
0.000185 737.741
0.00019 693.058
0.000195 738.188
0.0002 668.054
0.000205 648.377
0.00021 622.282
0.000215 616.01
0.00022 543.322
0.000225 718.619
0.00023 671.746
0.000235 685.41
0.00024 715.876
0.000245 612.985
