x	1
1.0004998750312422	0.0
1.0014996250937265	0.0
1.002499375156211	0.0
1.003499125218695	0.0
1.0044988752811796	0.0
1.0054986253436642	0.0
1.0064983754061485	0.0
1.0074981254686328	0.0
1.0084978755311171	0.0
1.0094976255936017	0.0
1.010497375656086	0.0
1.0114971257185703	0.0
1.0124968757810549	0.0
1.0134966258435392	0.0
1.0144963759060237	0.0
1.0154961259685078	0.0
1.016495876030992	0.0
1.0174956260934769	0.0
1.018495376155961	0.0
1.0194951262184455	0.0
1.0204948762809298	0.0
1.021494626343414	0.0
1.0224943764058985	0.0
1.0234941264683828	0.0
1.024493876530867	0.0
1.0254936265933516	0.0
1.0264933766558362	0.0
1.0274931267183205	0.0
1.0284928767808048	0.0
1.0294926268432891	0.0
1.0304923769057734	0.0
1.031492126968258	0.0
1.0324918770307423	0.0
1.0334916270932268	0.0
1.0344913771557112	0.0
1.0354911272181957	0.0
1.0364908772806798	0.0
1.037490627343164	0.0
1.0384903774056486	0.0
1.039490127468133	0.0
1.0404898775306173	0.0
1.0414896275931018	0.0
1.042489377655586	0.0
1.0434891277180705	0.0
1.0444888777805548	0.0
1.0454886278430393	0.0
1.0464883779055236	0.0
1.047488127968008	0.0
1.0484878780304925	0.0
1.0494876280929768	0.0
1.0504873781554611	0.0
1.0514871282179454	0.0
1.05248687828043	0.0
1.0534866283429145	0.0
1.0544863784053986	0.0
1.0554861284678831	0.0
1.0564858785303677	0.0
1.0574856285928518	0.0
1.058485378655336	0.0
1.0594851287178204	0.0
1.060484878780305	0.0
1.0614846288427893	0.0
1.0624843789052738	0.0
1.063484128967758	0.0
1.0644838790302424	0.0
1.0654836290927268	0.0
1.066483379155211	0.0
1.0674831292176956	0.0
1.06848287928018	0.0
1.0694826293426645	0.0
1.0704823794051488	0.0
1.071482129467633	0.0
1.0724818795301174	0.0
1.0734816295926015	0.0
1.0744813796550865	0.0
1.0754811297175706	0.0
1.0764808797800551	0.0
1.0774806298425397	0.0
1.0784803799050238	0.0
1.079480129967508	0.0
1.0804798800299924	0.0
1.081479630092477	0.0
1.0824793801549613	0.0
1.0834791302174456	0.0
1.08447888027993	0.0
1.0854786303424144	0.0
1.0864783804048987	0.0
1.087478130467383	0.0
1.0884778805298676	0.0
1.089477630592352	0.0
1.0904773806548362	0.0
1.0914771307173208	0.0
1.092476880779805	0.0
1.0934766308422894	0.0
1.0944763809047735	0.0
1.0954761309672585	0.0
1.0964758810297426	0.0
1.097475631092227	0.0
1.0984753811547114	0.0
1.0994751312171958	0.0
1.10047488127968	0.0
1.1014746313421644	0.0
1.1024743814046487	0.0
1.1034741314671332	0.0
1.1044738815296176	0.0
1.105473631592102	0.0
1.1064733816545864	0.0
1.1074731317170707	0.0
1.108472881779555	0.0
1.1094726318420394	0.0
1.110472381904524	0.0
1.1114721319670082	0.0
1.1124718820294928	0.0
1.113471632091977	0.0
1.1144713821544614	0.0
1.1154711322169455	0.0
1.11647088227943	0.0
1.1174706323419146	0.0
1.1184703824043989	0.0
1.1194701324668834	0.0
1.1204698825293675	0.0
1.121469632591852	0.0
1.1224693826543364	0.0
1.1234691327168207	0.0
1.1244688827793052	0.0
1.1254686328417896	0.0
1.126468382904274	0.0
1.1274681329667584	0.0
1.1284678830292427	0.0
1.129467633091727	0.0
1.1304673831542114	0.0
1.131467133216696	0.0
1.1324668832791802	0.0
1.1334666333416643	0.0
1.134466383404149	0.0
1.1354661334666334	0.0
1.1364658835291177	0.0
1.137465633591602	0.0
1.1384653836540863	0.0
1.1394651337165709	0.0
1.1404648837790552	0.0
1.1414646338415395	0.0
1.142464383904024	0.0
1.1434641339665084	0.0
1.144463884028993	0.0
1.145463634091477	0.0
1.1464633841539615	0.0
1.147463134216446	0.0
1.1484628842789304	0.0
1.1494626343414147	0.0
1.150462384403899	0.0
1.1514621344663831	0.0
1.1524618845288677	0.0
1.1534616345913522	0.0
1.1544613846538363	0.0
1.155461134716321	0.0
1.1564608847788054	0.0
1.1574606348412897	0.0
1.158460384903774	0.0
1.1594601349662583	0.0
1.1604598850287429	0.0
1.1614596350912272	0.0
1.1624593851537115	0.0
1.163459135216196	0.0
1.1644588852786804	0.0
1.165458635341165	0.0
1.166458385403649	0.0
1.1674581354661335	0.0
1.1684578855286178	0.0
1.1694576355911024	0.0
1.1704573856535867	0.0
1.171457135716071	0.0
1.1724568857785551	0.0
1.1734566358410397	0.0
1.1744563859035242	0.0
1.1754561359660085	0.0
1.1764558860284928	0.0
1.1774556360909774	0.0
1.1784553861534617	0.0
1.179455136215946	0.0
1.1804548862784303	0.0
1.1814546363409146	0.0
1.1824543864033992	0.0
1.1834541364658837	0.0
1.184453886528368	0.0
1.1854536365908523	0.0
1.1864533866533369	0.0
1.187453136715821	0.0
1.1884528867783053	0.0
1.1894526368407898	0.0
1.1904523869032742	0.0
1.1914521369657587	0.0
1.192451887028243	0.0
1.193451637090727	0.0
1.1944513871532116	0.0
1.195451137215696	0.0
1.1964508872781805	0.0
1.1974506373406648	0.0
1.1984503874031494	0.0
1.1994501374656337	0.0
1.200449887528118	0.0
1.2014496375906023	0.0
1.2024493876530866	0.0
1.2034491377155712	0.0
1.2044488877780557	0.0
1.20544863784054	0.0
1.2064483879030243	0.0
1.2074481379655086	0.0
1.208447888027993	0.0
1.2094476380904773	0.0
1.2104473881529618	0.0
1.211447138215446	0.0
1.212446888277931	0.0
1.213446638340415	0.0
1.214446388402899	0.0
1.2154461384653836	0.0
1.216445888527868	0.0
1.2174456385903525	0.0
1.2184453886528368	0.0
1.2194451387153211	0.0
1.2204448887778057	0.0
1.22144463884029	0.0
1.2224443889027743	0.0
1.2234441389652586	0.0
1.224443889027743	0.0
1.2254436390902277	0.0
1.2264433891527118	0.0
1.2274431392151963	0.0
1.2284428892776806	0.0
1.229442639340165	0.0
1.2304423894026493	0.0
1.2314421394651336	0.0
1.232441889527618	0.0
1.2334416395901024	0.0
1.234441389652587	0.0
1.2354411397150713	0.0
1.2364408897775556	0.0
1.23744063984004	0.0
1.2384403899025245	0.0
1.2394401399650088	0.0
1.240439890027493	0.0
1.2414396400899776	0.0
1.242439390152462	0.0
1.2434391402149465	0.0
1.2444388902774306	0.0
1.245438640339915	0.0
1.2464383904023997	0.0
1.2474381404648838	0.0
1.2484378905273683	0.0
1.2494376405898526	0.0
1.250437390652337	0.0
1.2514371407148213	0.0
1.2524368907773056	0.0
1.25343664083979	0.0
1.2544363909022744	0.0
1.255436140964759	0.0
1.2564358910272433	0.0
1.2574356410897276	0.0
1.258435391152212	0.0
1.2594351412146962	0.0
1.2604348912771806	0.0
1.261434641339665	0.0
1.2624343914021496	0.0
1.263434141464634	0.0
1.2644338915271185	0.0
1.2654336415896026	0.0
1.266433391652087	0.0
1.2674331417145712	0.0
1.2684328917770558	0.0
1.2694326418395403	0.0
1.2704323919020246	0.0
1.271432141964509	0.0
1.2724318920269932	0.0
1.2734316420894776	0.0
1.274431392151962	0.0
1.2754311422144464	0.0
1.2764308922769307	0.0
1.2774306423394153	0.0
1.2784303924018996	0.0
1.279430142464384	0.0
1.2804298925268682	0.0
1.2814296425893523	0.0
1.282429392651837	0.0
1.2834291427143214	0.0
1.284428892776806	0.0
1.2854286428392905	0.0
1.2864283929017746	0.0
1.287428142964259	0.0
1.2884278930267432	0.0
1.2894276430892275	0.0
1.290427393151712	0.0
1.2914271432141966	0.0
1.292426893276681	0.0
1.2934266433391652	0.0
1.2944263934016496	0.0
1.295426143464134	0.0
1.2964258935266184	0.0
1.2974256435891027	0.0
1.2984253936515873	0.0
1.2994251437140716	0.0
1.300424893776556	0.0
1.3014246438390402	0.0
1.3024243939015243	0.0
1.303424143964009	0.0
1.3044238940264934	0.0
1.305423644088978	0.0
1.3064233941514622	0.0
1.3074231442139466	0.0
1.3084228942764309	0.0
1.3094226443389152	0.0
1.3104223944013995	0.0
1.311422144463884	0.0
1.3124218945263686	0.0
1.313421644588853	0.0
1.3144213946513372	0.0
1.3154211447138215	0.0
1.316420894776306	0.0
1.3174206448387902	0.0
1.3184203949012747	0.0
1.3194201449637593	0.0
1.3204198950262436	0.0
1.321419645088728	0.0
1.3224193951512122	0.0
1.3234191452136963	0.0
1.3244188952761808	0.0
1.3254186453386654	0.0
1.3264183954011497	0.0
1.3274181454636342	0.0
1.3284178955261186	0.0
1.3294176455886029	0.0
1.3304173956510872	0.0
1.3314171457135715	0.0
1.332416895776056	0.0
1.3334166458385404	0.0
1.334416395901025	0.0
1.3354161459635092	0.0
1.3364158960259935	0.0
1.3374156460884778	0.0
1.3384153961509622	0.0
1.3394151462134467	0.0
1.340414896275931	0.0
1.3414146463384156	0.0
1.3424143964009	0.0
1.3434141464633842	0.0
1.3444138965258683	0.0
1.3454136465883528	0.0
1.3464133966508374	0.0
1.3474131467133217	0.0
1.3484128967758062	0.0
1.3494126468382903	0.0
1.3504123969007749	0.0
1.3514121469632592	0.0
1.3524118970257435	0.0
1.3534116470882278	0.0
1.3544113971507123	0.0
1.3554111472131969	0.0
1.3564108972756812	0.0
1.3574106473381655	0.0
1.3584103974006498	0.0
1.3594101474631342	0.0
1.3604098975256185	0.0
1.361409647588103	0.0
1.3624093976505876	0.0
1.363409147713072	0.0
1.3644088977755562	0.0
1.3654086478380405	0.0
1.3664083979005248	0.0
1.3674081479630091	0.0
1.3684078980254937	0.0
1.369407648087978	0.0
1.3704073981504623	0.0
1.3714071482129468	0.0
1.3724068982754312	0.0
1.3734066483379157	0.0
1.3744063984003998	0.0
1.3754061484628843	0.0
1.3764058985253689	0.0
1.3774056485878532	0.0
1.3784053986503375	0.0
1.3794051487128218	0.0
1.380404898775306	0.0
1.3814046488377905	0.0
1.382404398900275	0.0
1.383404148962759	0.0
1.384403899025244	0.0
1.3854036490877282	0.0
1.3864033991502125	0.0
1.3874031492126968	0.0
1.3884028992751811	0.0
1.3894026493376657	0.0
1.39040239940015	0.0
1.3914021494626343	0.0
1.3924018995251188	0.0
1.3934016495876032	0.0
1.3944013996500877	0.0
1.3954011497125718	0.0
1.396400899775056	0.0
1.3974006498375406	0.0
1.3984003999000252	0.0
1.3994001499625095	0.0
1.4003999000249938	0.0
1.401399650087478	0.0
1.4023994001499624	0.0
1.4033991502124468	0.0
1.4043989002749313	0.0
1.4053986503374158	0.0
1.4063984003999002	0.0
1.4073981504623845	0.0
1.4083979005248688	0.0
1.4093976505873531	0.0
1.4103974006498374	0.0
1.411397150712322	0.0
1.4123969007748065	0.0
1.4133966508372908	0.0
1.4143964008997751	0.0
1.4153961509622597	0.0
1.4163959010247438	0.0
1.417395651087228	0.0
1.4183954011497126	0.0
1.419395151212197	0.0
1.4203949012746817	0.0
1.4213946513371658	0.0
1.42239440139965	0.0
1.4233941514621344	0.0
1.4243939015246188	0.0
1.4253936515871033	0.0
1.4263934016495876	0.0
1.4273931517120722	0.0
1.4283929017745565	0.0
1.4293926518370408	0.0
1.430392401899525	0.0
1.4313921519620094	0.0
1.432391902024494	0.0
1.4333916520869785	0.0
1.4343914021494628	0.0
1.4353911522119471	0.0
1.4363909022744314	0.0
1.4373906523369158	0.0
1.4383904023994	0.0
1.4393901524618844	0.0
1.440389902524369	0.0
1.4413896525868537	0.0
1.4423894026493378	0.0
1.443389152711822	0.0
1.4443889027743064	0.0
1.4453886528367907	0.0
1.446388402899275	0.0
1.4473881529617596	0.0
1.448387903024244	0.0
1.4493876530867285	0.0
1.4503874031492128	0.0
1.451387153211697	0.0
1.4523869032741814	0.0
1.4533866533366655	0.0
1.4543864033991505	0.0
1.4553861534616346	0.0
1.4563859035241191	0.0
1.4573856535866034	0.0
1.4583854036490878	0.0
1.459385153711572	0.0
1.4603849037740564	0.0
1.461384653836541	0.0
1.4623844038990252	0.0
1.4633841539615098	0.0
1.464383904023994	0.0
1.4653836540864784	0.0
1.4663834041489627	0.0
1.467383154211447	0.0
1.4683829042739316	0.0
1.469382654336416	0.0
1.4703824043989004	0.0
1.4713821544613848	0.0
1.472381904523869	0.0
1.4733816545863534	0.0
1.4743814046488375	0.0
1.4753811547113225	0.0
1.4763809047738066	0.0
1.477380654836291	0.0
1.4783804048987754	0.0
1.4793801549612595	0.0
1.480379905023744	0.0
1.4813796550862284	0.0
1.4823794051487127	0.0
1.4833791552111972	0.0
1.4843789052736818	0.0
1.485378655336166	0.0
1.4863784053986504	0.0
1.4873781554611347	0.0
1.488377905523619	0.0
1.4893776555861034	0.0
1.490377405648588	0.0
1.4913771557110724	0.0
1.4923769057735568	0.0
1.493376655836041	0.0
1.4943764058985254	0.0
1.4953761559610097	0.0
1.496375906023494	0.0
1.4973756560859786	0.0
1.4983754061484629	0.0
1.4993751562109474	0.0
1.5003749062734315	0.0
1.501374656335916	0.0
1.5023744063984004	0.0
1.503374156460885	0.0
1.5043739065233692	0.0
1.5053736565858538	0.0
1.506373406648338	0.0
1.5073731567108224	0.0
1.5083729067733067	0.0
1.509372656835791	0.0
1.5103724068982751	0.0
1.5113721569607597	0.0
1.5123719070232444	0.0
1.5133716570857287	0.0
1.514371407148213	0.0
1.5153711572106974	0.0
1.5163709072731817	0.0
1.517370657335666	0.0
1.5183704073981503	0.0
1.5193701574606349	0.0
1.5203699075231194	0.0
1.5213696575856035	0.0
1.522369407648088	0.0
1.5233691577105724	0.0
1.524368907773057	0.0
1.525368657835541	0.0
1.5263684078980255	0.0
1.52736815796051	0.0
1.5283679080229944	0.0
1.5293676580854787	0.0
1.530367408147963	0.0
1.531367158210447	0.0
1.5323669082729316	0.0
1.5333666583354162	0.0
1.5343664083979007	0.0
1.535366158460385	0.0
1.5363659085228694	0.0
1.5373656585853537	0.0
1.538365408647838	0.0
1.5393651587103223	0.0
1.5403649087728069	0.0
1.5413646588352914	0.0
1.5423644088977757	0.0
1.54336415896026	0.0
1.5443639090227443	0.0
1.5453636590852289	0.0
1.546363409147713	0.0
1.5473631592101975	0.0
1.548362909272682	0.0
1.5493626593351664	0.0
1.550362409397651	0.0
1.551362159460135	0.0
1.552361909522619	0.0
1.5533616595851036	0.0
1.554361409647588	0.0
1.5553611597100727	0.0
1.556360909772557	0.0
1.5573606598350411	0.0
1.5583604098975257	0.0
1.55936015996001	0.0
1.5603599100224943	0.0
1.5613596600849786	0.0
1.5623594101474632	0.0
1.5633591602099477	0.0
1.564358910272432	0.0
1.5653586603349163	0.0
1.5663584103974006	0.0
1.567358160459885	0.0
1.5683579105223693	0.0
1.5693576605848538	0.0
1.5703574106473384	0.0
1.571357160709823	0.0
1.572356910772307	0.0
1.5733566608347913	0.0
1.5743564108972756	0.0
1.57535616095976	0.0
1.5763559110222445	0.0
1.577355661084729	0.0
1.5783554111472131	0.0
1.5793551612096977	0.0
1.580354911272182	0.0
1.5813546613346663	0.0
1.5823544113971506	0.0
1.5833541614596351	0.0
1.5843539115221197	0.0
1.585353661584604	0.0
1.5863534116470883	0.0
1.5873531617095726	0.0
1.588352911772057	0.0
1.5893526618345413	0.0
1.5903524118970258	0.0
1.5913521619595103	0.0
1.5923519120219949	0.0
1.593351662084479	0.0
1.5943514121469633	0.0
1.5953511622094476	0.0
1.596350912271932	0.0
1.5973506623344162	0.0
1.598350412396901	0.0
1.599350162459385	0.0
1.6003499125218696	0.0
1.601349662584354	0.0
1.6023494126468385	0.0
1.6033491627093226	0.0
1.604348912771807	0.0
1.6053486628342917	0.0
1.606348412896776	0.0
1.6073481629592603	0.0
1.6083479130217446	0.0
1.609347663084229	0.0
1.6103474131467133	0.0
1.6113471632091976	0.0
1.612346913271682	0.0
1.6133466633341669	0.0
1.614346413396651	0.0
1.6153461634591353	0.0
1.6163459135216196	0.0
1.617345663584104	0.0
1.6183454136465882	0.0
1.6193451637090728	0.0
1.620344913771557	0.0
1.6213446638340416	0.0
1.622344413896526	0.0
1.6233441639590105	0.0
1.6243439140214946	0.0
1.625343664083979	0.0
1.6263434141464634	0.0
1.627343164208948	0.0
1.6283429142714323	0.0
1.6293426643339166	0.0
1.630342414396401	0.0
1.6313421644588852	0.0
1.6323419145213696	0.0
1.633341664583854	0.0
1.6343414146463386	0.0
1.635341164708823	0.0
1.6363409147713073	0.0
1.6373406648337916	0.0
1.638340414896276	0.0
1.6393401649587602	0.0
1.6403399150212448	0.0
1.6413396650837293	0.0
1.6423394151462136	0.0
1.643339165208698	0.0
1.6443389152711825	0.0
1.6453386653336666	0.0
1.646338415396151	0.0
1.6473381654586352	0.0
1.64833791552112	0.0
1.6493376655836045	0.0
1.6503374156460886	0.0
1.651337165708573	0.0
1.6523369157710572	0.0
1.6533366658335416	0.0
1.654336415896026	0.0
1.6553361659585104	0.0
1.656335916020995	0.0
1.6573356660834793	0.0
1.6583354161459636	0.0
1.659335166208448	0.0
1.6603349162709322	0.0
1.6613346663334163	0.0
1.662334416395901	0.0
1.6633341664583856	0.0
1.66433391652087	0.0
1.6653336665833542	0.0
1.6663334166458386	0.0
1.6673331667083229	0.0
1.6683329167708072	0.0
1.6693326668332915	0.0
1.6703324168957765	0.0
1.6713321669582606	0.0
1.672331917020745	0.0
1.6733316670832292	0.0
1.6743314171457135	0.0
1.675331167208198	0.0
1.6763309172706824	0.0
1.677330667333167	0.0
1.6783304173956513	0.0
1.6793301674581356	0.0
1.68032991752062	0.0
1.6813296675831042	0.0
1.6823294176455883	0.0
1.683329167708073	0.0
1.6843289177705576	0.0
1.685328667833042	0.0
1.6863284178955262	0.0
1.6873281679580103	0.0
1.6883279180204949	0.0
1.6893276680829792	0.0
1.6903274181454635	0.0
1.6913271682079485	0.0
1.6923269182704326	0.0
1.693326668332917	0.0
1.6943264183954012	0.0
1.6953261684578855	0.0
1.6963259185203698	0.0
1.6973256685828542	0.0
1.6983254186453387	0.0
1.6993251687078232	0.0
1.7003249187703076	0.0
1.701324668832792	0.0
1.7023244188952762	0.0
1.7033241689577605	0.0
1.7043239190202448	0.0
1.7053236690827294	0.0
1.706323419145214	0.0
1.7073231692076982	0.0
1.7083229192701823	0.0
1.7093226693326669	0.0
1.7103224193951512	0.0
1.7113221694576355	0.0
1.71232191952012	0.0
1.7133216695826046	0.0
1.7143214196450889	0.0
1.7153211697075732	0.0
1.7163209197700575	0.0
1.7173206698325418	0.0
1.7183204198950262	0.0
1.7193201699575107	0.0
1.7203199200199952	0.0
1.7213196700824795	0.0
1.722319420144964	0.0
1.7233191702074482	0.0
1.7243189202699325	0.0
1.7253186703324168	0.0
1.7263184203949014	0.0
1.727318170457386	0.0
1.7283179205198702	0.0
1.7293176705823543	0.0
1.7303174206448388	0.0
1.7313171707073232	0.0
1.7323169207698077	0.0
1.7333166708322918	0.0
1.7343164208947766	0.0
1.7353161709572609	0.0
1.7363159210197452	0.0
1.7373156710822295	0.0
1.7383154211447138	0.0
1.739315171207198	0.0
1.7403149212696825	0.0
1.741314671332167	0.0
1.7423144213946515	0.0
1.743314171457136	0.0
1.7443139215196202	0.0
1.7453136715821045	0.0
1.7463134216445888	0.0
1.7473131717070731	0.0
1.7483129217695577	0.0
1.7493126718320422	0.0
1.7503124218945263	0.0
1.7513121719570108	0.0
1.7523119220194951	0.0
1.7533116720819797	0.0
1.7543114221444638	0.0
1.7553111722069483	0.0
1.7563109222694329	0.0
1.7573106723319172	0.0
1.7583104223944015	0.0
1.7593101724568858	0.0
1.76030992251937	0.0
1.7613096725818544	0.0
1.762309422644339	0.0
1.7633091727068235	0.0
1.7643089227693078	0.0
1.7653086728317922	0.0
1.7663084228942765	0.0
1.7673081729567608	0.0
1.768307923019245	0.0
1.7693076730817296	0.0
1.7703074231442142	0.0
1.7713071732066985	0.0
1.7723069232691828	0.0
1.7733066733316671	0.0
1.7743064233941517	0.0
1.7753061734566358	0.0
1.77630592351912	0.0
1.7773056735816049	0.0
1.7783054236440892	0.0
1.7793051737065737	0.0
1.7803049237690578	0.0
1.781304673831542	0.0
1.7823044238940264	0.0
1.7833041739565108	0.0
1.7843039240189953	0.0
1.7853036740814798	0.0
1.786303424143964	0.0
1.7873031742064485	0.0
1.7883029242689328	0.0
1.789302674331417	0.0
1.7903024243939014	0.0
1.791302174456386	0.0
1.7923019245188705	0.0
1.7933016745813548	0.0
1.7943014246438391	0.0
1.7953011747063234	0.0
1.7963009247688078	0.0
1.797300674831292	0.0
1.7983004248937766	0.0
1.7993001749562612	0.0
1.8002999250187457	0.0
1.8012996750812298	0.0
1.802299425143714	0.0
1.8032991752061984	0.0
1.8042989252686827	0.0
1.8052986753311675	0.0
1.806298425393652	0.0
1.807298175456136	0.0
1.8082979255186205	0.0
1.8092976755811048	0.0
1.810297425643589	0.0
1.8112971757060732	0.0
1.812296925768558	0.0
1.8132966758310425	0.0
1.8142964258935268	0.0
1.8152961759560111	0.0
1.8162959260184957	0.0
1.81729567608098	0.0
1.818295426143464	0.0
1.8192951762059484	0.0
1.8202949262684327	0.0
1.8212946763309172	0.0
1.8222944263934016	0.0
1.823294176455886	0.0
1.8242939265183704	0.0
1.8252936765808547	0.0
1.826293426643339	0.0
1.827293176705824	0.0
1.828292926768308	0.0
1.8292926768307924	0.0
1.8302924268932768	0.0
1.831292176955761	0.0
1.8322919270182452	0.0
1.8332916770807297	0.0
1.8342914271432145	0.0
1.8352911772056988	0.0
1.836290927268183	0.0
1.8372906773306676	0.0
1.838290427393152	0.0
1.839290177455636	0.0
1.8402899275181204	0.0
1.841289677580605	0.0
1.8422894276430892	0.0
1.8432891777055735	0.0
1.844288927768058	0.0
1.8452886778305424	0.0
1.8462884278930267	0.0
1.847288177955511	0.0
1.848287928017996	0.0
1.84928767808048	0.0
1.8502874281429644	0.0
1.8512871782054487	0.0
1.852286928267933	0.0
1.8532866783304172	0.0
1.8542864283929017	0.0
1.8552861784553865	0.0
1.8562859285178708	0.0
1.857285678580355	0.0
1.8582854286428396	0.0
1.859285178705324	0.0
1.860284928767808	0.0
1.8612846788302924	0.0
1.862284428892777	0.0
1.8632841789552612	0.0
1.8642839290177455	0.0
1.86528367908023	0.0
1.8662834291427144	0.0
1.8672831792051987	0.0
1.868282929267683	0.0
1.8692826793301676	0.0
1.870282429392652	0.0
1.8712821794551364	0.0
1.8722819295176207	0.0
1.873281679580105	0.0
1.8742814296425891	0.0
1.8752811797050737	0.0
1.876280929767558	0.0
1.8772806798300423	0.0
1.878280429892527	0.0
1.8792801799550116	0.0
1.880279930017496	0.0
1.88127968007998	0.0
1.8822794301424643	0.0
1.8832791802049489	0.0
1.8842789302674328	0.0
1.8852786803299175	0.0
1.886278430392402	0.0
1.8872781804548864	0.0
1.8882779305173707	0.0
1.889277680579855	0.0
1.8902774306423396	0.0
1.891277180704824	0.0
1.8922769307673084	0.0
1.8932766808297927	0.0
1.894276430892277	0.0
1.8952761809547611	0.0
1.8962759310172457	0.0
1.89727568107973	0.0
1.8982754311422143	0.0
1.899275181204699	0.0
1.9002749312671836	0.0
1.901274681329668	0.0
1.902274431392152	0.0
1.9032741814546363	0.0
1.9042739315171209	0.0
1.9052736815796047	0.0
1.9062734316420895	0.0
1.907273181704574	0.0
1.9082729317670584	0.0
1.909272681829543	0.0
1.910272431892027	0.0
1.9112721819545115	0.0
1.912271932016996	0.0
1.9132716820794804	0.0
1.9142714321419647	0.0
1.915271182204449	0.0
1.9162709322669331	0.0
1.9172706823294177	0.0
1.918270432391902	0.0
1.9192701824543863	0.0
1.9202699325168708	0.0
1.9212696825793556	0.0
1.92226943264184	0.0
1.923269182704324	0.0
1.9242689327668083	0.0
1.9252686828292929	0.0
1.926268432891777	0.0
1.9272681829542613	0.0
1.928267933016746	0.0
1.9292676830792304	0.0
1.930267433141715	0.0
1.931267183204199	0.0
1.9322669332666835	0.0
1.933266683329168	0.0
1.934266433391652	0.0
1.9352661834541367	0.0
1.936265933516621	0.0
1.9372656835791051	0.0
1.9382654336415897	0.0
1.939265183704074	0.0
1.9402649337665585	0.0
1.9412646838290428	0.0
1.9422644338915276	0.0
1.943264183954012	0.0
1.944263934016496	0.0
1.9452636840789803	0.0
1.9462634341414649	0.0
1.947263184203949	0.0
1.9482629342664333	0.0
1.949262684328918	0.0
1.9502624343914023	0.0
1.9512621844538869	0.0
1.952261934516371	0.0
1.9532616845788555	0.0
1.95426143464134	0.0
1.955261184703824	0.0
1.9562609347663087	0.0
1.957260684828793	0.0
1.958260434891277	0.0
1.9592601849537616	0.0
1.960259935016246	0.0
1.9612596850787305	0.0
1.9622594351412144	0.0
1.9632591852036991	0.0
1.964258935266184	0.0
1.965258685328668	0.0
1.9662584353911523	0.0
1.9672581854536368	0.0
1.968257935516121	0.0
1.9692576855786053	0.0
1.9702574356410896	0.0
1.9712571857035743	0.0
1.9722569357660584	0.0
1.973256685828543	0.0
1.9742564358910275	0.0
1.975256185953512	0.0
1.976255936015996	0.0
1.9772556860784805	0.0
1.978255436140965	0.0
1.979255186203449	0.0
1.9802549362659336	0.0
1.981254686328418	0.0
1.9822544363909025	0.0
1.9832541864533864	0.0
1.9842539365158711	0.0
1.985253686578356	0.0
1.98625343664084	0.0
1.9872531867033243	0.0
1.9882529367658088	0.0
1.989252686828293	0.0
1.9902524368907768	0.0
1.9912521869532616	0.0
1.9922519370157463	0.0
1.9932516870782304	0.0
1.994251437140715	0.0
1.9952511872031995	0.0
1.996250937265684	0.0
1.997250687328168	0.0
1.998250437390652	0.0
1.999250187453137	0.0
2.0002499375156213	0.0
2.0012496875781056	0.0
2.00224943764059	0.0
2.0032491877030743	0.0
2.0042489377655586	0.0
2.005248687828043	0.0
2.006248437890527	0.0
2.007248187953012	0.0
2.0082479380154963	0.0
2.0092476880779806	0.0
2.010247438140465	0.0
2.011247188202949	0.0
2.012246938265434	0.0
2.0132466883279183	0.0
2.014246438390402	0.0
2.015246188452887	0.0
2.0162459385153717	0.0
2.017245688577856	0.0
2.01824543864034	0.0
2.019245188702824	0.0
2.0202449387653085	0.0
2.021244688827793	0.0
2.0222444388902776	0.0
2.023244188952762	0.0
2.0242439390152462	0.0
2.0252436890777306	0.0
2.0262434391402158	0.0
2.0272431892027	0.0
2.028242939265184	0.0
2.0292426893276683	0.0
2.0302424393901526	0.0
2.031242189452637	0.0
2.032241939515121	0.0
2.033241689577605	0.0
2.03424143964009	0.0
2.035241189702574	0.0
2.036240939765059	0.0
2.0372406898275432	0.0
2.038240439890028	0.0
2.039240189952512	0.0
2.040239940014996	0.0
2.041239690077481	0.0
2.0422394401399653	0.0
2.0432391902024496	0.0
2.044238940264934	0.0
2.0452386903274182	0.0
2.0462384403899025	0.0
2.047238190452387	0.0
2.048237940514871	0.0
2.0492376905773555	0.0
2.0502374406398403	0.0
2.051237190702325	0.0
2.052236940764809	0.0
2.053236690827293	0.0
2.054236440889777	0.0
2.0552361909522623	0.0
2.0562359410147466	0.0
2.057235691077231	0.0
2.0582354411397152	0.0
2.0592351912022	0.0
2.060234941264684	0.0
2.061234691327168	0.0
2.0622344413896525	0.0
2.063234191452137	0.0
2.064233941514621	0.0
2.065233691577106	0.0
2.06623344163959	0.0
2.0672331917020745	0.0
2.068232941764559	0.0
2.069232691827044	0.0
2.070232441889528	0.0
2.071232191952012	0.0
2.072231942014497	0.0
2.073231692076981	0.0
2.074231442139465	0.0
2.075231192201949	0.0
2.076230942264434	0.0
2.077230692326918	0.0
2.0782304423894025	0.0
2.0792301924518872	0.0
2.0802299425143715	0.0
2.081229692576856	0.0
2.08222944263934	0.0
2.0832291927018245	0.0
2.0842289427643093	0.0
2.0852286928267936	0.0
2.086228442889278	0.0
2.087228192951762	0.0
2.0882279430142465	0.0
2.089227693076731	0.0
2.090227443139215	0.0
2.0912271932016995	0.0
2.092226943264184	0.0
2.093226693326669	0.0
2.094226443389153	0.0
2.095226193451637	0.0
2.096225943514121	0.0
2.097225693576606	0.0
2.0982254436390906	0.0
2.099225193701575	0.0
2.100224943764059	0.0
2.1012246938265435	0.0
2.102224443889028	0.0
2.103224193951512	0.0
2.1042239440139965	0.0
2.105223694076481	0.0
2.106223444138965	0.0
2.107223194201449	0.0
2.108222944263934	0.0
2.1092226943264185	0.0
2.110222444388903	0.0
2.111222194451387	0.0
2.112221944513872	0.0
2.113221694576356	0.0
2.1142214446388405	0.0
2.115221194701325	0.0
2.116220944763809	0.0
2.117220694826293	0.0
2.118220444888778	0.0
2.119220194951262	0.0
2.1202199450137464	0.0
2.1212196950762308	0.0
2.1222194451387155	0.0
2.1232191952012	0.0
2.124218945263684	0.0
2.1252186953261685	0.0
2.126218445388653	0.0
2.1272181954511376	0.0
2.128217945513622	0.0
2.129217695576106	0.0
2.1302174456385905	0.0
2.131217195701075	0.0
2.132216945763559	0.0
2.1332166958260435	0.0
2.134216445888528	0.0001624438044314
2.135216195951012	0.0003248876088629
2.136215946013497	0.0
2.137215696075981	0.0
2.138215446138465	0.0001624438044314
2.13921519620095	0.0001624438044314
2.140214946263434	0.0001624438044314
2.141214696325919	0.0
2.142214446388403	0.0
2.1432141964508875	0.0
2.144213946513372	0.0
2.145213696575856	0.0
2.1462134466383405	0.0001624438044314
2.1472131967008248	0.0
2.148212946763309	0.0
2.1492126968257934	0.0
2.1502124468882777	0.0
2.1512121969507625	0.0
2.152211947013247	0.0001624438044314
2.153211697075731	0.0001624438044314
2.1542114471382154	0.0003248876088629
2.1552111972007	0.0001624438044314
2.1562109472631845	0.0
2.157210697325669	0.0001624438044314
2.158210447388153	0.0004873314132943
2.159210197450637	0.0
2.160209947513122	0.0003248876088629
2.161209697575606	0.0004873314132943
2.1622094476380904	0.0001624438044314
2.1632091977005747	0.0004873314132943
2.164208947763059	0.0009746628265887
2.165208697825544	0.0001624438044314
2.166208447888028	0.0003248876088629
2.1672081979505124	0.0001624438044314
2.1682079480129968	0.0004873314132943
2.169207698075481	0.0004873314132943
2.170207448137966	0.0003248876088629
2.17120719820045	0.0003248876088629
2.1722069482629345	0.0008122190221573
2.173206698325419	0.0004873314132943
2.174206448387903	0.0001624438044314
2.1752061984503874	0.0003248876088629
2.176205948512872	0.0009746628265887
2.177205698575356	0.0017868818487461
2.1782054486378404	0.0009746628265887
2.179205198700325	0.0006497752177258
2.180204948762809	0.0017868818487461
2.1812046988252938	0.0008122190221573
2.182204448887778	0.0014619942398831
2.1832041989502624	0.0029239884797663
2.184203949012747	0.0019493256531775
2.1852036990752315	0.0011371066310202
2.186203449137716	0.002111769457609
2.1872031992002	0.0022742132620404
2.1882029492626844	0.0025991008709034
2.1892026993251688	0.002111769457609
2.190202449387653	0.0022742132620404
2.1912021994501374	0.0029239884797663
2.1922019495126217	0.0029239884797663
2.193201699575106	0.0027615446753348
2.194201449637591	0.0034113198930607
2.195201199700075	0.0027615446753348
2.1962009497625594	0.0040610951107865
2.197200699825044	0.0030864322841978
2.1982004498875285	0.0045484265240809
2.199200199950013	0.0051982017418068
2.200199950012497	0.0050357579373753
2.201199700074981	0.0038986513063551
2.2021994501374658	0.0055230893506697
2.20319920019995	0.0051982017418068
2.2041989502624344	0.0060104207639641
2.2051987003249187	0.0060104207639641
2.206198450387403	0.0094217406570248
2.207198200449888	0.0074724150038473
2.208197950512372	0.0077973026127102
2.2091977005748564	0.0071475273949844
2.2101974506373407	0.0089344092437305
2.211197200699825	0.0090968530481619
2.21219695076231	0.008771965439299
2.213196700824794	0.012995504354517
2.2141964508872785	0.0142950547899688
2.2151962009497628	0.0146199423988317
2.216195951012247	0.01332039196338
2.2171957010747314	0.0157570490298519
2.218195451137216	0.0167317118564407
2.2191952011997	0.0177063746830295
2.2201949512621844	0.0186810375096183
2.2211947013246687	0.0190059251184812
2.222194451387153	0.0204679193583644
2.2231942014496378	0.0229045764248363
2.224193951512122	0.0224172450115419
2.2251937015746064	0.0214425821849532
2.2261934516370907	0.024529014469151
2.2271932016995755	0.024529014469151
2.22819295176206	0.0276154467533488
2.229192701824544	0.0323263170818612
2.2301924518870284	0.0326512046907242
2.2311922019495127	0.0310267666464095
2.232191952011997	0.03996117589014
2.2331917020744814	0.0368747436059422
2.2341914521369657	0.0383367378458254
2.23519120219945	0.0391489568679827
2.2361909522619343	0.0414231701300232
2.237190702324419	0.0422353891521805
2.2381904523869034	0.0506824669826166
2.239190202449388	0.0544186744845403
2.240189952511872	0.0518195736136369
2.241189702574357	0.0549060058978347
2.242189452636841	0.0579924381820325
2.243189202699325	0.0670892912301945
2.2441889527618097	0.0641653027504281
2.245188702824294	0.0737494872118845
2.2461884528867784	0.0726123805808642
2.2471882029492627	0.076023700473925
2.248187953011747	0.082683896455615
2.2491877030742318	0.0964916198322894
2.250187453136716	0.0911309742860511
2.2511872031992004	0.0992531645076243
2.2521869532616847	0.0908060866771882
2.253186703324169	0.1067255795114716
2.2541864533866534	0.113873106906456
2.255186203449138	0.1140355507108875
2.2561859535116224	0.1244319541945012
2.2571857035741067	0.1263812798476787
2.258185453636591	0.1358030205047036
2.2591852036990754	0.1406763346376475
2.26018495376156	0.1478238620326319
2.261184703824044	0.1525347323611444
2.2621844538865283	0.1624438044314637
2.2631842039490127	0.1736524269372347
2.264183954011497	0.1799877353100618
2.2651837040739817	0.1921710206424215
2.266183454136466	0.1920085768379901
2.2671832041989504	0.2074407382589791
2.2681829542614347	0.2089027324988623
2.269182704323919	0.2160502598938467
2.270182454386404	0.2227104558755367
2.271182204448888	0.2397670553408404
2.2721819545113724	0.2498385712155912
2.2731817045738567	0.2615345251346566
2.274181454636341	0.2839517701461985
2.2751812046988253	0.2815151130797266
2.2761809547613097	0.3073436779843293
2.277180704823794	0.3130292111394305
2.2781804548862783	0.3211514013610037
2.279180204948763	0.3531528308340021
2.280179955011248	0.3386953322396018
2.281179705073732	0.3708592055170316
2.282179455136216	0.3641990095353416
2.2831792051987003	0.398312208465949
2.284178955261185	0.4091959433628571
2.2851787053236694	0.4374611653339317
2.2861784553861537	0.4597159665410423
2.287178205448638	0.458578859910022
2.2881779555111224	0.4637770616518288
2.2891777055736067	0.4871689694899596
2.290177455636091	0.5147844162433085
2.2911772056985757	0.5402880935390483
2.29217695576106	0.5578320244176463
2.293176705823544	0.5860972463887211
2.2941764558860287	0.6107887046623035
2.295176205948513	0.6106262608578721
2.2961759560109973	0.655785638489819
2.2971757060734816	0.6806395405678329
2.2981754561359664	0.6937974887267815
2.2991752061984507	0.7155649585205976
2.300174956260935	0.7469166127758701
2.30117470632342	0.7552012468018747
2.302174456385904	0.7953248664964463
2.303174206448388	0.8206660999877546
2.3041739565108723	0.8591652816380115
2.3051737065733566	0.8919789301331672
2.306173456635841	0.9039997716610956
2.3071732066983253	0.9256047976504802
2.30817295676081	0.970439287673564
2.3091727068232943	1.027132175420145
2.3101724568857787	1.0128371206301765
2.311172206948263	1.0597833801108691
2.3121719570107477	1.092597028606025
2.313171707073232	1.1418175013487584
2.3141714571357164	1.1842153343053703
2.3151712071982007	1.2311615937860634
2.316170957260685	1.2188158646492722
2.3171707073231693	1.2586145967349809
2.3181704573856536	1.2946771213187658
2.319170207448138	1.3549437727628388
2.3201699575106223	1.3752492483167718
2.3211697075731066	1.4262566029082513
2.322169457635592	1.4767766260864366
2.323169207698076	1.5094278307771607
2.32416895776056	1.5818777675535936
2.3251687078230443	1.6150163036576122
2.3261684578855286	1.6369462172558598
2.3271682079480134	1.681943151083375
2.3281679580104977	1.7129699177297848
2.329167708072982	1.77015013688966
2.3301674581354663	1.8274927998539667
2.33116720819795	1.8481231630167625
2.332166958260435	1.926421076752728
2.3331667083229197	1.987012615805664
2.334166458385404	2.0092674170127744
2.335166208447888	2.095849964774745
2.336165958510372	2.1540048467612087
2.337165708572857	2.2056619765704144
2.3381654586353413	2.2089108526590437
2.3391652086978256	2.276974806715826
2.34016495876031	2.3546229452340666
2.3411647088227947	2.3996198790615817
2.342164458885279	2.4772680175798216
2.343164208947764	2.518528743905413
2.344163959010248	2.5287627035845954
2.345163709072732	2.6369502773359503
2.3461634591352163	2.716547741507368
2.3471632091977006	2.729705689666316
2.348162959260185	2.8271719723251945
2.349162709322669	2.8344819435246102
2.3501624593851536	2.91879027802454
2.3511622094476383	2.980681367512928
2.352161959510122	3.008459258070708
2.353161709572607	3.115022393777748
2.3541614596350917	3.1491355927083555
2.355161209697576	3.1590446647786745
2.3561609597600603	3.250500526673589
2.3571607098225447	3.324574901494336
2.358160459885029	3.402872815230302
2.3591602099475133	3.4722363197225365
2.3601599600099976	3.475485195811166
2.361159710072482	3.5927696226106827
2.3621594601349662	3.718013795827341
2.3631592101974506	3.711678487454514
2.364158960259935	3.8024845741317024
2.36515871032242	3.8606394561181663
2.366158460384904	3.879482937432216
2.3671582104473883	3.986046073139256
2.3681579605098726	4.02422036718065
2.369157710572357	4.056871571871374
2.3701574606348417	4.175293105301912
2.371157210697326	4.238158857616888
2.3721569607598103	4.273246719374084
2.373156710822294	4.364052806051273
2.374156460884779	4.402064656288235
2.3751562109472637	4.486048103179302
2.376155961009748	4.51691242602128
2.377155711072232	4.60690629367631
2.378155461134716	4.689102858718631
2.3791552111972005	4.737836000048071
2.3801549612596853	4.782670490071155
2.3811547113221696	4.869577925441988
2.382154461384654	4.88647208110286
2.3831542114471382	4.995471873876372
2.384153961509623	5.027798190958233
2.3851537115721078	5.086440404357991
2.386153461634592	5.107882986542945
2.387153211697076	5.214446122249985
2.3881529617595603	5.202587724526488
2.3891527118220446	5.3115875173
2.390152461884529	5.340827402097664
2.391152211947013	5.357234226345241
2.392151962009497	5.42139952909567
2.393151712071982	5.534297973175537
2.3941514621344666	5.546481258507897
2.395151212196951	5.579457350807484
2.3961509622594352	5.61454521256468
2.39715071232192	5.703564417393122
2.398150462384404	5.70989972576595
2.3991502124468886	5.803792244727335
2.400149962509373	5.737190284910435
2.4011497125718573	5.862109570518231
2.4021494626343416	5.908406054781198
2.403149212696826	5.966723380572093
2.4041489627593102	5.973058688944921
2.4051487128217945	6.056717248227124
2.406148462884279	6.007496775484391
2.407148212946763	6.127705190763674
2.408147963009248	6.1421626893580745
2.4091477130717323	6.165879484805068
2.410147463134217	6.188784061229904
2.411147213196701	6.184073190901392
2.412146963259185	6.227283242880161
2.41314671332167	6.290473882804001
2.4141464633841543	6.302494724331929
2.4151462134466386	6.278128153667209
2.416145963509123	6.354964073163291
2.4171457135716072	6.3486287647904645
2.418145463634092	6.329622839671983
2.419145213696576	6.414580949389639
2.42014496375906	6.413768730367481
2.4211447138215445	6.370721122193143
2.422144463884029	6.414093617976344
2.4231442139465136	6.4014230012306905
2.424143964008998	6.467537629634296
2.425143714071482	6.444308165600597
2.4261434641339665	6.45470456908421
2.4271432141964517	6.452267912017739
2.428142964258936	6.443658390382871
2.42914271432142	6.480370690184381
2.430142464383904	6.407920753407949
2.431142214446389	6.458115888977271
2.432141964508873	6.459415439412723
2.433141714571357	6.4309877736372165
2.434141464633841	6.441221733316399
2.435141214696326	6.411981848518735
2.43614096475881	6.411169629496578
2.437140714821295	6.412794067540893
2.4381404648837792	6.369746459366555
2.4391402149462635	6.366172695669063
2.440139965008748	6.201942009388853
2.441139715071232	6.292910539870473
2.442139465133717	6.3406690183733225
2.4431392151962013	6.3013576177009085
2.4441389652586856	6.216237064178822
2.44513871532117	6.225658804835846
2.446138465383654	6.193657375362848
2.4471382154461385	6.201454677975558
2.448137965508623	6.159869064041104
2.449137715571107	6.10057707542362
2.4501374656335915	6.093916879441929
2.451137215696076	6.025365593971852
2.4521369657585605	5.981993098188651
2.453136715821045	5.913766700327436
2.454136465883529	6.016756072336984
2.455136215946013	5.921239115331283
2.4561359660084983	5.825559714521152
2.4571357160709826	5.844890527248496
2.458135466133467	5.75440932818017
2.459135216195951	5.778613455040459
2.4601349662584355	5.669776106071378
2.46113471632092	5.628352935941354
2.462134466383404	5.5846555525492905
2.4631342164458885	5.515779379470351
2.464133966508373	5.477280197820093
2.465133716570857	5.419612647246924
2.466133466633342	5.409866018981036
2.467133216695826	5.344726053404019
2.4681329667583105	5.267890133907937
2.469132716820795	5.222080981058264
2.47013246688328	5.127701130683583
2.471132216945764	5.112918744480321
2.472131967008248	5.066459816412921
2.4731317170707325	4.972079966038241
2.474131467133217	4.945114294502618
2.475131217195701	4.898330478826357
2.476130967258185	4.899305141652945
2.47713071732067	4.707296564814955
2.478130467383154	4.697549936549067
2.4791302174456384	4.639070166953741
2.480129967508123	4.515937763194691
2.4811297175706075	4.466229959038663
2.482129467633092	4.426268783148523
2.483129217695576	4.374611653339318
2.4841289677580605	4.336762246906787
2.485128717820545	4.269672955676592
2.486128467883029	4.187151503025408
2.487128217945514	4.121036874621803
2.488127968007998	4.027794130878142
2.4891277180704825	3.986046073139256
2.490127468132967	3.905798833750113
2.491127218195451	3.874772067103704
2.4921269682579354	3.7880270755373022
2.49312671832042	3.781041991946749
2.4941264683829045	3.6946218879892094
2.495126218445389	3.605277795551905
2.496125968507873	3.5498844582407765
2.497125718570357	3.5026133111512205
2.498125468632842	3.423340734588666
2.4991252186953266	3.356738774771766
2.500124968757811	3.296472123327693
2.501124718820295	3.2115140136100373
2.5021244688827795	3.174476826199664
2.503124218945264	3.133216099874072
2.504123969007748	3.080259419629414
2.5051237190702325	2.971422070660334
2.5061234691327168	2.9423446296671023
2.507123219195201	2.8919870502933485
2.5081229692576854	2.8235982086277023
2.50912271932017	2.764631107619081
2.5101224693826545	2.729705689666316
2.511122219445139	2.624442104394728
2.512121969507623	2.6159950265642915
2.513121719570108	2.5287627035845954
2.514121469632592	2.4652471760518933
2.5151212196950765	2.418950691788926
2.516120969757561	2.3598211469758734
2.517120719820045	2.291919636723521
2.518120469882529	2.2288914406041136
2.519120219945014	2.167162794920157
2.520119970007498	2.1195667602217383
2.5211197200699824	2.079930471940461
2.5221194701324667	2.035745757135103
2.5231192201949515	1.9610216070966295
2.524118970257436	1.9402288001294024
2.52511872031992	1.8807743677074868
2.5261184703824044	1.853808696171864
2.5271182204448888	1.7997149092961864
2.528117970507373	1.7607283962326352
2.529117720569858	1.7311636238261088
2.530117470632342	1.6544901481344578
2.5311172206948265	1.622651162465891
2.532116970757311	1.575704902985198
2.533116720819795	1.561734735804092
2.5341164708822794	1.4848988163080097
2.535116220944764	1.4410389891115143
2.536115971007248	1.408062896811927
2.537115721069733	1.387594977453563
2.538115471132217	1.3180690291568966
2.539115221194701	1.2693358878274574
2.5401149712571858	1.2474059742292098
2.54111472131967	1.24188288487854
2.542114471382155	1.180641570607878
2.543114221444639	1.1611483140761023
2.5441139715071235	1.119562700141648
2.545113721569608	1.0766775357717415
2.546113471632092	1.0354168094461496
2.5471132216945764	1.0251828497669675
2.5481129717570608	0.982622573005924
2.549112721819545	0.9361636449385252
2.5501124718820294	0.892953592959756
2.5511122219445137	0.8762218811033152
2.5521119720069985	0.8442204516303169
2.553111722069483	0.8263516331428559
2.554111472131967	0.8180669991168512
2.5551112221944514	0.7813546993153404
2.556110972256936	0.7792429298577314
2.5571107223194205	0.7066305492768671
2.558110472381905	0.6941223763356444
2.559110222444389	0.6778779958924981
2.560109972506873	0.6520494309878954
2.5611097225693578	0.6353177191314545
2.562109472631842	0.5979556441122179
2.5631092226943264	0.5901583414995076
2.5641089727568107	0.5846352521488378
2.565108722819295	0.5381763240814392
2.56610847288178	0.516733741896486
2.567108222944264	0.5001644738444767
2.5681079730067484	0.4818083239437213
2.5691077230692327	0.465563943500575
2.570107473131717	0.4550050962125298
2.571107223194202	0.4372987215295003
2.572106973256686	0.4215416724996483
2.5731067233191705	0.3903524620488073
2.5741064733816548	0.3776818453031531
2.575106223444139	0.3728085311702092
2.5761059735066234	0.3695596550815799
2.577105723569108	0.3367460065864243
2.578105473631592	0.3412944331105052
2.5791052236940764	0.3183898566856689
2.580104973756561	0.2923988479766347
2.581104723819045	0.2772915741645085
2.5821044738815297	0.2746924732936051
2.583104223944014	0.261696968939088
2.5841039740064984	0.2602349746992048
2.585103724068983	0.2368430668610741
2.5861034741314675	0.2319697527281301
2.587103224193952	0.223847562506557
2.588102974256436	0.2064660754323903
2.5891027243189204	0.1998058794507003
2.5901024743814047	0.1949325653177564
2.591102224443889	0.1812872857455135
2.5921019745063734	0.176901303025864
2.5931017245688577	0.1650429053023671
2.594101474631342	0.1652053491067986
2.5951012246938268	0.1539967266010276
2.596100974756311	0.1500980752946724
2.5971007248187954	0.1483111934459263
2.59810047488128	0.1382396775711756
2.5991002249437645	0.1382396775711756
2.600099975006249	0.1289803807185821
2.601099725068733	0.1143604383197504
2.6020994751312174	0.1146853259286133
2.6030992251937017	0.1007151587475075
2.604098975256186	0.1080251299469233
2.6050987253186704	0.0958418446145635
2.6060984753811547	0.0888567610240106
2.607098225443639	0.086907435370833
2.6080979755061238	0.0875572105885589
2.609097725568608	0.0779730261271025
2.6100974756310924	0.0779730261271025
2.6110972256935767	0.0716377177542754
2.612096975756061	0.0670892912301945
2.613096725818546	0.0700132797099608
2.61409647588103	0.0630281961194079
2.6150962259435144	0.0565304439421493
2.6160959760059987	0.0531191240490886
2.617095726068483	0.0479209223072817
2.6180954761309674	0.0498702479604593
2.619095226193452	0.0464589280673986
2.620094976255936	0.0458091528496727
2.6210947263184203	0.040286063499003
2.6220944763809046	0.0380118502369625
2.6230942264433894	0.0347629741483332
2.6240939765058737	0.0355751931704905
2.625093726568358	0.0346005303439017
2.6260934766308424	0.0298896600153893
2.6270932266933267	0.0334634237128815
2.6280929767558114	0.0329760922995871
2.629092726818296	0.0256661211001712
2.63009247688078	0.0240416830558566
2.6310922269432644	0.024529014469151
2.6320919770057487	0.0300521038198207
2.633091727068233	0.0232294640336993
2.6340914771307173	0.0190059251184812
2.6350912271932017	0.0165692680520092
2.636090977255686	0.0162443804431463
2.6370907273181703	0.0173814870741666
2.638090477380655	0.0155946052254205
2.63909022744314	0.0125081729412227
2.640089977505624	0.0146199423988317
2.641089727568108	0.0134828357678114
2.6420894776305928	0.0116959539190653
2.643089227693077	0.0105588472880451
2.6440889777555614	0.0082846340260046
2.6450887278180457	0.0089344092437305
2.64608847788053	0.0110461787013395
2.6470882279430143	0.0079597464171417
2.6480879780054987	0.0086095216348675
2.649087728067983	0.0092592968525934
2.6500874781304677	0.0064977521772585
2.651087228192952	0.0076348588082787
2.6520869782554364	0.0043859827196495
2.6530867283179207	0.00666019598169
2.654086478380405	0.0055230893506697
2.6550862284428893	0.0061728645683956
2.656085978505374	0.0060104207639641
2.6570857285678584	0.006335308372827
2.6580854786303427	0.0038986513063551
2.659085228692827	0.0048733141329439
2.660084978755312	0.004223538915218
2.661084728817796	0.0038986513063551
2.66208447888028	0.0024366570664719
2.6630842289427643	0.0014619942398831
2.6640839790052486	0.0037362075019236
2.665083729067733	0.0024366570664719
2.6660834791302177	0.0029239884797663
2.667083229192702	0.002111769457609
2.6680829792551863	0.0016244380443146
2.6690827293176707	0.0012995504354517
2.670082479380155	0.0022742132620404
2.67108222944264	0.0024366570664719
2.672081979505124	0.0017868818487461
2.6730817295676084	0.0012995504354517
2.6740814796300927	0.0012995504354517
2.675081229692577	0.0011371066310202
2.6760809797550613	0.0011371066310202
2.6770807298175456	0.0006497752177258
2.67808047988003	0.0014619942398831
2.6790802299425143	0.0009746628265887
2.6800799800049986	0.0011371066310202
2.681079730067484	0.0006497752177258
2.682079480129968	0.0012995504354517
2.683079230192452	0.0004873314132943
2.6840789802549363	0.0006497752177258
2.685078730317421	0.0003248876088629
2.6860784803799054	0.0004873314132943
2.6870782304423897	0.0008122190221573
2.688077980504874	0.0003248876088629
2.6890777305673583	0.0006497752177258
2.690077480629842	0.0003248876088629
2.691077230692327	0.0001624438044314
2.6920769807548117	0.0003248876088629
2.693076730817296	0.0008122190221573
2.69407648087978	0.0003248876088629
2.6950762309422647	0.0003248876088629
2.696075981004749	0.0003248876088629
2.6970757310672333	0.0001624438044314
2.6980754811297176	0.0004873314132943
2.6990752311922024	0.0003248876088629
2.7000749812546867	0.0001624438044314
2.701074731317171	0.0001624438044314
2.702074481379656	0.0001624438044314
2.70307423144214	0.0
2.704073981504624	0.0001624438044314
2.7050737315671083	0.0001624438044314
2.7060734816295926	0.0001624438044314
2.707073231692077	0.0
2.708072981754561	0.0001624438044314
2.709072731817046	0.0001624438044314
2.7100724818795303	0.0
2.711072231942014	0.0
2.712071982004499	0.0003248876088629
2.7130717320669837	0.0
2.714071482129468	0.0001624438044314
2.7150712321919523	0.0001624438044314
2.7160709822544367	0.0
2.717070732316921	0.0001624438044314
2.7180704823794053	0.0
2.7190702324418896	0.0001624438044314
2.720069982504374	0.0
2.7210697325668582	0.0
2.7220694826293426	0.0001624438044314
2.7230692326918278	0.0003248876088629
2.724068982754312	0.0001624438044314
2.725068732816796	0.0
2.7260684828792803	0.0
2.7270682329417646	0.0
2.7280679830042494	0.0
2.7290677330667337	0.0001624438044314
2.730067483129218	0.0
2.7310672331917023	0.0
2.7320669832541866	0.0
2.733066733316671	0.0
2.7340664833791557	0.0
2.73506623344164	0.0
2.736065983504124	0.0
2.737065733566608	0.0
2.738065483629093	0.0
2.7390652336915773	0.0
2.7400649837540616	0.0
2.741064733816546	0.0
2.7420644838790307	0.0
2.743064233941515	0.0
2.7440639840039998	0.0
2.745063734066484	0.0
2.746063484128968	0.0
2.7470632341914523	0.0
2.7480629842539366	0.0
2.749062734316421	0.0
2.750062484378905	0.0
2.751062234441389	0.0
2.7520619845038743	0.0
2.7530617345663586	0.0
2.754061484628843	0.0
2.7550612346913272	0.0
2.756060984753812	0.0
2.7570607348162963	0.0
2.7580604848787806	0.0
2.759060234941265	0.0
2.7600599850037493	0.0
2.7610597350662336	0.0
2.762059485128718	0.0
2.7630592351912022	0.0
2.7640589852536865	0.0
2.765058735316171	0.0
2.766058485378656	0.0
2.76705823544114	0.0
2.7680579855036243	0.0
2.769057735566109	0.0
2.770057485628593	0.0
2.7710572356910776	0.0
2.772056985753562	0.0
2.7730567358160463	0.0
2.7740564858785306	0.0
2.775056235941015	0.0
2.7760559860034992	0.0
2.7770557360659835	0.0
2.778055486128468	0.0
2.779055236190952	0.0
2.7800549862534365	0.0
2.7810547363159213	0.0
2.7820544863784056	0.0
2.78305423644089	0.0
2.784053986503374	0.0
2.785053736565859	0.0
2.7860534866283437	0.0
2.787053236690828	0.0
2.788052986753312	0.0
2.789052736815796	0.0
2.790052486878281	0.0
2.791052236940765	0.0
2.792051987003249	0.0
2.793051737065733	0.0
2.794051487128218	0.0
2.7950512371907026	0.0
2.796050987253187	0.0
2.797050737315671	0.0
2.7980504873781555	0.0
2.79905023744064	0.0
2.8000499875031246	0.0
2.801049737565609	0.0
2.802049487628093	0.0
2.8030492376905776	0.0
2.804048987753062	0.0
2.805048737815546	0.0
2.8060484878780305	0.0
2.807048237940515	0.0
2.808047988002999	0.0
2.809047738065484	0.0
2.810047488127968	0.0
2.8110472381904525	0.0
2.812046988252937	0.0
2.813046738315421	0.0
2.814046488377906	0.0
2.8150462384403903	0.0
2.8160459885028746	0.0
2.817045738565359	0.0
2.818045488627843	0.0
2.8190452386903275	0.0
2.820044988752812	0.0
2.821044738815296	0.0
2.8220444888777805	0.0
2.823044238940265	0.0
2.8240439890027496	0.0
2.825043739065234	0.0
2.826043489127718	0.0
2.8270432391902025	0.0
2.8280429892526877	0.0
2.829042739315172	0.0
2.830042489377656	0.0
2.83104223944014	0.0
2.8320419895026245	0.0
2.833041739565109	0.0
2.834041489627593	0.0
2.835041239690077	0.0
2.836040989752562	0.0
2.837040739815046	0.0
2.838040489877531	0.0
2.839040239940015	0.0
2.8400399900024995	0.0
2.841039740064984	0.0
2.842039490127468	0.0
2.843039240189953	0.0
2.844038990252437	0.0
2.845038740314921	0.0
2.846038490377406	0.0
2.84703824043989	0.0
2.8480379905023745	0.0
2.849037740564859	0.0
2.850037490627343	0.0
2.8510372406898274	0.0
2.852036990752312	0.0
2.8530367408147965	0.0
2.854036490877281	0.0
2.855036240939765	0.0
2.856035991002249	0.0
2.8570357410647342	0.0
2.8580354911272186	0.0
2.859035241189703	0.0
2.860034991252187	0.0
2.8610347413146715	0.0
2.862034491377156	0.0
2.86303424143964	0.0
2.8640339915021245	0.0
2.8650337415646088	0.0
2.866033491627093	0.0
2.867033241689578	0.0
2.868032991752062	0.0
2.8690327418145465	0.0
2.870032491877031	0.0
2.871032241939516	0.0
2.872031992002	0.0
2.873031742064484	0.0
2.8740314921269685	0.0
2.875031242189453	0.0
2.876030992251937	0.0
2.877030742314421	0.0
2.878030492376906	0.0
2.87903024243939	0.0
2.8800299925018744	0.0
2.881029742564359	0.0
2.8820294926268435	0.0
2.883029242689328	0.0
2.884028992751812	0.0
2.8850287428142964	0.0
2.886028492876781	0.0
2.887028242939265	0.0
2.88802799300175	0.0
2.889027743064234	0.0
2.8900274931267185	0.0
2.891027243189203	0.0
2.892026993251687	0.0
2.8930267433141714	0.0
2.894026493376656	0.0
2.8950262434391405	0.0
2.896025993501625	0.0
2.897025743564109	0.0
2.898025493626593	0.0
2.8990252436890778	0.0
2.9000249937515625	0.0
2.901024743814047	0.0
2.902024493876531	0.0
2.9030242439390155	0.0
2.9040239940015	0.0
2.905023744063984	0.0
2.9060234941264684	0.0
2.9070232441889527	0.0
2.908022994251437	0.0
2.9090227443139214	0.0
2.910022494376406	0.0
2.9110222444388905	0.0
2.9120219945013748	0.0
2.913021744563859	0.0
2.914021494626344	0.0
2.915021244688828	0.0
2.9160209947513125	0.0
2.917020744813797	0.0
2.918020494876281	0.0
2.919020244938765	0.0
2.9200199950012498	0.0
2.921019745063734	0.0
2.9220194951262184	0.0
2.9230192451887027	0.0
2.9240189952511875	0.0
2.925018745313672	0.0
2.926018495376156	0.0
2.9270182454386404	0.0
2.9280179955011247	0.0
2.929017745563609	0.0
2.930017495626094	0.0
2.931017245688578	0.0
2.9320169957510624	0.0
2.9330167458135468	0.0
2.934016495876031	0.0
2.9350162459385154	0.0
2.936015996001	0.0
2.937015746063484	0.0
2.938015496125969	0.0
2.939015246188453	0.0
2.940014996250937	0.0
2.9410147463134217	0.0
2.942014496375906	0.0
2.943014246438391	0.0
2.944013996500875	0.0
2.9450137465633595	0.0
2.946013496625844	0.0
2.947013246688328	0.0
2.9480129967508124	0.0
2.9490127468132967	0.0
2.950012496875781	0.0
2.9510122469382654	0.0
2.9520119970007497	0.0
2.9530117470632344	0.0
2.9540114971257188	0.0
2.955011247188203	0.0
2.9560109972506874	0.0
2.957010747313172	0.0
2.9580104973756565	0.0
2.959010247438141	0.0
2.960009997500625	0.0
2.9610097475631094	0.0
2.9620094976255937	0.0
2.963009247688078	0.0
2.9640089977505624	0.0
2.9650087478130467	0.0
2.966008497875531	0.0
2.967008247938016	0.0
2.9680079980005	0.0
2.9690077480629844	0.0
2.9700074981254687	0.0
2.971007248187953	0.0
2.972006998250438	0.0
2.973006748312922	0.0
2.9740064983754064	0.0
2.9750062484378907	0.0
2.976005998500375	0.0
2.97700574856286	0.0
2.978005498625344	0.0
2.979005248687828	0.0
2.9800049987503123	0.0
2.981004748812797	0.0
2.9820044988752814	0.0
2.9830042489377657	0.0
2.98400399900025	0.0
2.9850037490627344	0.0
2.986003499125219	0.0
2.9870032491877034	0.0
2.988002999250188	0.0
2.989002749312672	0.0
2.9900024993751564	0.0
2.9910022494376407	0.0
2.992001999500125	0.0
2.9930017495626093	0.0
2.9940014996250937	0.0
2.995001249687578	0.0
2.9960009997500627	0.0
2.997000749812547	0.0
2.998000499875032	0.0
2.999000249937516	0.0
3.0	0.0
3.0009997500624843	0.0
3.001999500124969	0.0
3.0029992501874534	0.0
3.0039990002499377	0.0
3.004998750312422	0.0
3.0059985003749063	0.0
3.0069982504373907	0.0
3.0079980004998754	0.0
3.00899775056236	0.0
3.009997500624844	0.0
3.0109972506873284	0.0
3.0119970007498127	0.0
3.012996750812297	0.0
3.0139965008747813	0.0
3.0149962509372656	0.0
3.0159960009997504	0.0
3.0169957510622347	0.0
3.017995501124719	0.0
3.018995251187204	0.0
3.019995001249688	0.0
3.020994751312172	0.0
3.0219945013746567	0.0
3.022994251437141	0.0
3.0239940014996254	0.0
3.0249937515621097	0.0
3.025993501624594	0.0
3.0269932516870783	0.0
3.0279930017495627	0.0
3.028992751812047	0.0
3.0299925018745317	0.0
3.030992251937016	0.0
3.0319920019995004	0.0
3.0329917520619847	0.0
3.033991502124469	0.0
3.0349912521869533	0.0
3.0359910022494376	0.0
3.0369907523119224	0.0
3.0379905023744067	0.0
3.038990252436891	0.0
3.039990002499376	0.0
3.04098975256186	0.0
3.041989502624344	0.0
3.0429892526868283	0.0
3.0439890027493126	0.0
3.0449887528117974	0.0
3.0459885028742817	0.0
3.046988252936766	0.0
3.0479880029992503	0.0
3.048987753061734	0.0
3.049987503124219	0.0
3.050987253186704	0.0
3.051987003249188	0.0
3.0529867533116724	0.0
3.0539865033741567	0.0
3.054986253436641	0.0
3.0559860034991253	0.0
3.0569857535616096	0.0
3.057985503624094	0.0
3.0589852536865787	0.0
3.059985003749063	0.0
3.0609847538115478	0.0
3.061984503874032	0.0
3.062984253936516	0.0
3.0639840039990003	0.0
3.064983754061485	0.0
3.0659835041239694	0.0
3.0669832541864537	0.0
3.067983004248938	0.0
3.0689827543114223	0.0
3.069982504373906	0.0
3.070982254436391	0.0
3.0719820044988757	0.0
3.07298175456136	0.0
3.0739815046238443	0.0
3.0749812546863287	0.0
3.075981004748813	0.0
3.0769807548112973	0.0
3.0779805048737816	0.0
3.078980254936266	0.0
3.0799800049987507	0.0
3.080979755061235	0.0
3.0819795051237198	0.0
3.082979255186204	0.0
3.083979005248688	0.0
3.0849787553111723	0.0
3.0859785053736566	0.0
3.086978255436141	0.0
3.0879780054986257	0.0
3.08897775556111	0.0
3.0899775056235943	0.0
3.0909772556860786	0.0
3.091977005748563	0.0
3.0929767558110477	0.0
3.093976505873532	0.0
3.0949762559360163	0.0
3.0959760059985006	0.0
3.096975756060985	0.0
3.0979755061234693	0.0
3.0989752561859536	0.0
3.099975006248438	0.0
3.1009747563109222	0.0
3.101974506373407	0.0
3.1029742564358918	0.0
3.103974006498376	0.0
3.10497375656086	0.0
3.1059735066233443	0.0
3.106973256685829	0.0
3.1079730067483133	0.0
3.1089727568107977	0.0
3.109972506873282	0.0
3.1109722569357663	0.0
3.1119720069982506	0.0
3.112971757060735	0.0
3.1139715071232192	0.0
3.114971257185704	0.0
3.115971007248188	0.0
3.1169707573106726	0.0
3.117970507373157	0.0
3.1189702574356413	0.0
3.1199700074981256	0.0
3.12096975756061	0.0
3.121969507623094	0.0
3.122969257685579	0.0
3.1239690077480637	0.0
3.124968757810548	0.0
3.125968507873032	0.0
3.126968257935516	0.0
3.127968007998001	0.0
3.128967758060485	0.0
3.129967508122969	0.0
3.130967258185454	0.0
3.1319670082479383	0.0
3.1329667583104226	0.0
3.133966508372907	0.0
3.1349662584353912	0.0
3.1359660084978755	0.0
3.1369657585603603	0.0
3.1379655086228446	0.0
3.138965258685329	0.0
3.1399650087478133	0.0
3.1409647588102976	0.0
3.141964508872782	0.0
3.142964258935266	0.0
3.1439640089977505	0.0
3.1449637590602357	0.0
3.14596350912272	0.0
3.146963259185204	0.0
3.147963009247688	0.0
3.148962759310173	0.0
3.149962509372657	0.0
3.1509622594351416	0.0
3.151962009497626	0.0
3.1529617595601103	0.0
3.1539615096225946	0.0
3.154961259685079	0.0
3.155961009747563	0.0
3.1569607598100475	0.0
3.157960509872532	0.0
3.1589602599350166	0.0
3.159960009997501	0.0
3.160959760059985	0.0
3.1619595101224696	0.0
3.162959260184954	0.0
3.163959010247438	0.0
3.1649587603099225	0.0
3.1659585103724077	0.0
3.166958260434892	0.0
3.167958010497376	0.0
3.16895776055986	0.0
3.1699575106223445	0.0
3.170957260684829	0.0
3.171957010747313	0.0
3.172956760809797	0.0
3.1739565108722823	0.0
3.1749562609347666	0.0
3.175956010997251	0.0
3.176955761059735	0.0
3.1779555111222195	0.0
3.178955261184704	0.0
3.1799550112471886	0.0
3.180954761309673	0.0
3.181954511372157	0.0
3.1829542614346416	0.0
3.183954011497126	0.0
3.18495376155961	0.0
3.1859535116220945	0.0
3.186953261684579	0.0
3.187953011747064	0.0
3.188952761809548	0.0
3.189952511872032	0.0
3.1909522619345165	0.0
3.191952011997001	0.0
3.192951762059485	0.0
3.19395151212197	0.0
3.1949512621844542	0.0
3.1959510122469386	0.0
3.196950762309423	0.0
3.197950512371907	0.0
3.1989502624343915	0.0
3.199950012496876	0.0
3.20094976255936	0.0
3.201949512621845	0.0
3.202949262684329	0.0
3.203949012746813	0.0
3.204948762809298	0.0
3.205948512871782	0.0
3.2069482629342665	0.0
3.207948012996751	0.0
3.208947763059236	0.0
3.20994751312172	0.0
3.210947263184204	0.0
3.2119470132466885	0.0
3.212946763309173	0.0
3.213946513371657	0.0
3.214946263434141	0.0
3.215946013496626	0.0
3.2169457635591105	0.0
3.217945513621595	0.0
3.218945263684079	0.0
3.2199450137465635	0.0
3.220944763809048	0.0
3.221944513871532	0.0
3.222944263934017	0.0
3.223944013996501	0.0
3.224943764058985	0.0
3.22594351412147	0.0
3.226943264183954	0.0
3.2279430142464385	0.0
3.228942764308923	0.0
3.229942514371407	0.0
3.230942264433892	0.0
3.231942014496376	0.0
3.2329417645588605	0.0
3.233941514621345	0.0
3.234941264683829	0.0
3.235941014746313	0.0
3.236940764808798	0.0
3.2379405148712825	0.0
3.238940264933767	0.0
3.239940014996251	0.0
3.2409397650587355	0.0
3.24193951512122	0.0
3.242939265183704	0.0
3.2439390152461884	0.0
3.244938765308673	0.0
3.245938515371157	0.0
3.246938265433642	0.0
3.247938015496126	0.0
3.2489377655586105	0.0
3.249937515621095	0.0
3.250937265683579	0.0
3.251937015746064	0.0
3.252936765808548	0.0
3.2539365158710325	0.0
3.254936265933517	0.0
3.255936015996001	0.0
3.256935766058485	0.0
3.2579355161209698	0.0
3.258935266183454	0.0
3.259935016245939	0.0
3.260934766308423	0.0
3.2619345163709075	0.0
3.262934266433392	0.0
3.263934016495876	0.0
3.2649337665583604	0.0
3.265933516620845	0.0
3.266933266683329	0.0
3.267933016745814	0.0
3.268932766808298	0.0
3.2699325168707825	0.0
3.2709322669332668	0.0
3.271932016995751	0.0
3.2729317670582354	0.0
3.27393151712072	0.0
3.2749312671832045	0.0
3.275931017245689	0.0
3.276930767308173	0.0
3.277930517370657	0.0
3.2789302674331418	0.0
3.2799300174956265	0.0
3.280929767558111	0.0
3.281929517620595	0.0
3.2829292676830795	0.0
3.283929017745564	0.0
3.284928767808048	0.0
3.2859285178705324	0.0
3.2869282679330167	0.0
3.287928017995501	0.0
3.288927768057986	0.0
3.28992751812047	0.0
3.2909272681829544	0.0
3.2919270182454388	0.0
3.292926768307923	0.0
3.2939265183704074	0.0
3.294926268432892	0.0
3.2959260184953765	0.0
3.296925768557861	0.0
3.297925518620345	0.0
3.298925268682829	0.0
3.2999250187453137	0.0
3.300924768807798	0.0
3.3019245188702824	0.0
3.302924268932767	0.0
3.3039240189952515	0.0
3.304923769057736	0.0
3.30592351912022	0.0
3.3069232691827044	0.0
3.3079230192451887	0.0
3.308922769307673	0.0
3.309922519370158	0.0
3.310922269432642	0.0
3.3119220194951264	0.0
3.3129217695576108	0.0
3.313921519620095	0.0
3.3149212696825794	0.0
3.315921019745064	0.0
3.3169207698075485	0.0
3.317920519870033	0.0
3.318920269932517	0.0
3.3199200199950014	0.0
3.3209197700574857	0.0
3.32191952011997	0.0
3.322919270182455	0.0
3.323919020244939	0.0
3.3249187703074234	0.0
3.325918520369908	0.0
3.326918270432392	0.0
3.3279180204948764	0.0
3.3289177705573607	0.0
3.329917520619845	0.0
3.33091727068233	0.0
3.331917020744814	0.0
3.3329167708072984	0.0
3.3339165208697827	0.0
3.334916270932267	0.0
3.335916020994752	0.0
3.336915771057236	0.0
3.3379155211197205	0.0
3.3389152711822048	0.0
3.339915021244689	0.0
3.3409147713071734	0.0
3.3419145213696577	0.0
3.342914271432142	0.0
3.3439140214946264	0.0
3.3449137715571107	0.0
3.3459135216195954	0.0
3.34691327168208	0.0
3.347913021744564	0.0
3.3489127718070484	0.0
3.3499125218695327	0.0
3.350912271932017	0.0
3.351912021994502	0.0
3.352911772056986	0.0
3.3539115221194704	0.0
3.3549112721819547	0.0
3.355911022244439	0.0
3.356910772306924	0.0
3.357910522369408	0.0
3.358910272431892	0.0
3.3599100224943768	0.0
3.360909772556861	0.0
3.3619095226193454	0.0
3.3629092726818297	0.0
3.363909022744314	0.0
3.3649087728067983	0.0
3.365908522869283	0.0
3.3669082729317674	0.0
3.367908022994252	0.0
3.368907773056736	0.0
3.3699075231192204	0.0
3.3709072731817047	0.0
3.371907023244189	0.0
3.3729067733066733	0.0
3.373906523369158	0.0
3.3749062734316424	0.0
3.3759060234941267	0.0
3.376905773556611	0.0
3.377905523619096	0.0
3.37890527368158	0.0
3.3799050237440644	0.0
3.3809047738065487	0.0
3.381904523869033	0.0
3.3829042739315174	0.0
3.3839040239940017	0.0
3.384903774056486	0.0
3.3859035241189703	0.0
3.386903274181454	0.0
3.387903024243939	0.0
3.388902774306424	0.0
3.389902524368908	0.0
3.3909022744313924	0.0
3.3919020244938767	0.0
3.392901774556361	0.0
3.3939015246188453	0.0
3.39490127468133	0.0
3.3959010247438144	0.0
3.3969007748062987	0.0
3.397900524868783	0.0
3.398900274931268	0.0
3.399900024993752	0.0
3.400899775056236	0.0
3.4018995251187203	0.0
3.402899275181205	0.0
3.4038990252436894	0.0
3.4048987753061737	0.0
3.405898525368658	0.0
3.4068982754311423	0.0
3.407898025493626	0.0
3.4088977755561114	0.0
3.409897525618596	0.0
3.41089727568108	0.0
3.4118970257435643	0.0
3.4128967758060487	0.0
3.413896525868533	0.0
3.4148962759310173	0.0
3.4158960259935016	0.0
3.4168957760559864	0.0
3.4178955261184707	0.0
3.418895276180955	0.0
3.4198950262434398	0.0
3.420894776305924	0.0
3.421894526368408	0.0
3.4228942764308927	0.0
3.423894026493377	0.0
3.4248937765558614	0.0
3.4258935266183457	0.0
3.42689327668083	0.0
3.4278930267433143	0.0
3.428892776805798	0.0
3.429892526868283	0.0
3.4308922769307677	0.0
3.431892026993252	0.0
3.4328917770557363	0.0
3.4338915271182207	0.0
3.434891277180705	0.0
3.4358910272431893	0.0
3.4368907773056736	0.0
3.4378905273681584	0.0
3.4388902774306427	0.0
3.439890027493127	0.0
3.4408897775556118	0.0
3.441889527618096	0.0
3.44288927768058	0.0
3.4438890277430643	0.0
3.4448887778055486	0.0
3.4458885278680333	0.0
3.4468882779305177	0.0
3.447888027993002	0.0
3.4488877780554863	0.0
3.4498875281179706	0.0
3.450887278180455	0.0
3.45188702824294	0.0
3.452886778305424	0.0
3.4538865283679083	0.0
3.4548862784303926	0.0
3.455886028492877	0.0
3.4568857785553613	0.0
3.4578855286178456	0.0
3.45888527868033	0.0
3.4598850287428147	0.0
3.460884778805299	0.0
3.4618845288677838	0.0
3.462884278930268	0.0
3.463884028992752	0.0
3.4648837790552363	0.0
3.465883529117721	0.0
3.4668832791802053	0.0
3.4678830292426897	0.0
3.468882779305174	0.0
3.4698825293676583	0.0
3.4708822794301426	0.0
3.471882029492627	0.0
3.4728817795551112	0.0
3.473881529617596	0.0
3.4748812796800803	0.0
3.4758810297425646	0.0
3.476880779805049	0.0
3.4778805298675333	0.0
3.4788802799300176	0.0
3.479880029992502	0.0
3.4808797800549867	0.0
3.481879530117471	0.0
3.4828792801799557	0.0
3.48387903024244	0.0
3.484878780304924	0.0
3.485878530367408	0.0
3.486878280429893	0.0
3.487878030492377	0.0
3.4888777805548616	0.0
3.489877530617346	0.0
3.4908772806798303	0.0
3.4918770307423146	0.0
3.492876780804799	0.0
3.4938765308672832	0.0
3.494876280929768	0.0
3.4958760309922523	0.0
3.4968757810547366	0.0
3.497875531117221	0.0
3.4988752811797053	0.0
3.4998750312421896	0.0
3.500874781304674	0.0
3.501874531367158	0.0
3.502874281429643	0.0
3.5038740314921277	0.0
3.504873781554612	0.0
3.505873531617096	0.0
3.50687328167958	0.0
3.507873031742065	0.0
3.5088727818045493	0.0
3.5098725318670336	0.0
3.510872281929518	0.0
3.5118720319920023	0.0
3.5128717820544866	0.0
3.513871532116971	0.0
3.514871282179455	0.0
3.5158710322419395	0.0
3.516870782304424	0.0
3.5178705323669086	0.0
3.518870282429393	0.0
3.519870032491877	0.0
3.5208697825543616	0.0
3.521869532616846	0.0
3.52286928267933	0.0
3.523869032741815	0.0
3.5248687828042997	0.0
3.525868532866784	0.0
3.526868282929268	0.0
3.527868032991752	0.0
3.5288677830542365	0.0
3.529867533116721	0.0
3.530867283179205	0.0
3.53186703324169	0.0
3.5328667833041743	0.0
3.5338665333666586	0.0
3.534866283429143	0.0
3.535866033491627	0.0
3.5368657835541115	0.0
3.5378655336165963	0.0
3.5388652836790806	0.0
3.539865033741565	0.0
3.540864783804049	0.0
3.541864533866533	0.0
3.542864283929018	0.0
3.543864033991502	0.0
3.5448637840539865	0.0
3.5458635341164717	0.0
3.546863284178956	0.0
3.54786303424144	0.0
3.548862784303924	0.0
3.5498625343664085	0.0
3.550862284428893	0.0
3.5518620344913776	0.0
3.552861784553862	0.0
3.5538615346163462	0.0
3.5548612846788306	0.0
3.555861034741315	0.0
3.556860784803799	0.0
3.5578605348662835	0.0
3.558860284928768	0.0
3.5598600349912526	0.0
3.560859785053737	0.0
3.561859535116221	0.0
3.562859285178705	0.0
3.56385903524119	0.0
3.564858785303674	0.0
3.5658585353661585	0.0
3.5668582854286432	0.0
3.567858035491128	0.0
3.568857785553612	0.0
3.569857535616096	0.0
3.5708572856785805	0.0
3.571857035741065	0.0
3.572856785803549	0.0
3.573856535866033	0.0
3.5748562859285182	0.0
3.5758560359910025	0.0
3.576855786053487	0.0
3.577855536115971	0.0
3.5788552861784555	0.0
3.57985503624094	0.0
3.580854786303425	0.0
3.581854536365909	0.0
3.582854286428393	0.0
3.583854036490877	0.0
3.584853786553362	0.0
3.585853536615846	0.0
3.5868532866783305	0.0
3.587853036740815	0.0
3.5888527868033	0.0
3.589852536865784	0.0
3.590852286928268	0.0
3.5918520369907525	0.0
3.592851787053237	0.0
3.593851537115721	0.0
3.594851287178206	0.0
3.59585103724069	0.0
3.5968507873031745	0.0
3.597850537365659	0.0
3.598850287428143	0.0
3.5998500374906275	0.0
3.600849787553112	0.0
3.601849537615596	0.0
3.602849287678081	0.0
3.603849037740565	0.0
3.6048487878030495	0.0
3.605848537865534	0.0
3.606848287928018	0.0
3.6078480379905034	0.0
3.608847788052987	0.0
3.609847538115472	0.0
3.610847288177956	0.0
3.61184703824044	0.0
3.612846788302925	0.0
3.613846538365409	0.0
3.614846288427893	0.0
3.6158460384903774	0.0
3.6168457885528618	0.0
3.6178455386153465	0.0
3.618845288677831	0.0
3.619845038740315	0.0
3.6208447888028	0.0
3.621844538865284	0.0
3.622844288927768	0.0
3.623844038990253	0.0
3.624843789052737	0.0
3.6258435391152215	0.0
3.626843289177706	0.0
3.62784303924019	0.0
3.6288427893026745	0.0
3.629842539365159	0.0
3.630842289427643	0.0
3.631842039490128	0.0
3.632841789552612	0.0
3.633841539615097	0.0
3.634841289677581	0.0
3.635841039740065	0.0
3.636840789802549	0.0
3.637840539865034	0.0
3.6388402899275194	0.0
3.639840039990003	0.0
3.640839790052487	0.0
3.641839540114972	0.0
3.642839290177456	0.0
3.64383904023994	0.0
3.644838790302424	0.0
3.645838540364909	0.0
3.6468382904273935	0.0
3.647838040489878	0.0
3.648837790552362	0.0
3.6498375406148464	0.0
3.6508372906773303	0.0
3.651837040739815	0.0
3.6528367908023	0.0
3.653836540864784	0.0
3.654836290927269	0.0
3.655836040989753	0.0
3.656835791052237	0.0
3.6578355411147214	0.0
3.6588352911772057	0.0
3.65983504123969	0.0
3.660834791302175	0.0
3.661834541364659	0.0
3.662834291427144	0.0
3.663834041489628	0.0
3.664833791552112	0.0
3.665833541614597	0.0
3.666833291677081	0.0
3.6678330417395655	0.0
3.66883279180205	0.0
3.669832541864534	0.0
3.6708322919270175	0.0
3.671832041989503	0.0
3.672831792051987	0.0
3.673831542114472	0.0
3.674831292176956	0.0
3.675831042239441	0.0
3.6768307923019248	0.0
3.677830542364409	0.0
3.678830292426893	0.0
3.6798300424893777	0.0
3.6808297925518634	0.0
3.681829542614347	0.0
3.682829292676831	0.0
3.683829042739315	0.0
3.6848287928018	0.0
3.685828542864284	0.0
3.686828292926768	0.0
3.6878280429892527	0.0
3.6888277930517375	0.0
3.689827543114222	0.0
3.690827293176706	0.0
3.6918270432391904	0.0
3.6928267933016743	0.0
3.693826543364159	0.0
3.6948262934266434	0.0
3.695826043489128	0.0
3.696825793551613	0.0
3.6978255436140968	0.0
3.698825293676581	0.0
3.6998250437390654	0.0
3.7008247938015497	0.0
3.701824543864034	0.0
3.7028242939265184	0.0
3.703824043989003	0.0
3.704823794051488	0.0
3.705823544113972	0.0
3.706823294176456	0.0
3.707823044238941	0.0
3.7088227943014247	0.0
3.7098225443639095	0.0
3.7108222944263938	0.0
3.711822044488878	0.0
3.7128217945513615	0.0
3.713821544613847	0.0
3.714821294676331	0.0
3.715821044738816	0.0
3.7168207948013	0.0
3.717820544863784	0.0
3.7188202949262688	0.0
3.719820044988753	0.0
3.720819795051237	0.0
3.7218195451137217	0.0
3.722819295176206	0.0
3.723819045238691	0.0
3.724818795301175	0.0
3.7258185453636594	0.0
3.726818295426144	0.0
3.727818045488628	0.0
3.728817795551112	0.0
3.7298175456135967	0.0
3.730817295676081	0.0
3.7318170457385658	0.0
3.73281679580105	0.0
3.7338165458635344	0.0
3.7348162959260183	0.0
3.735816045988503	0.0
3.7368157960509873	0.0
3.737815546113472	0.0
3.738815296175957	0.0
3.7398150462384407	0.0
3.740814796300925	0.0
3.74181454636341	0.0
3.7428142964258937	0.0
3.743814046488378	0.0
3.7448137965508623	0.0
3.745813546613346	0.0
3.746813296675832	0.0
3.747813046738316	0.0
3.7488127968008	0.0
3.749812546863285	0.0
3.7508122969257687	0.0
3.751812046988253	0.0
3.7528117970507378	0.0
3.753811547113222	0.0
3.7548112971757055	0.0
3.755811047238191	0.0
3.756810797300675	0.0
3.7578105473631593	0.0
3.758810297425644	0.0
3.759810047488128	0.0
3.7608097975506127	0.0
3.761809547613097	0.0
3.762809297675581	0.0
3.7638090477380657	0.0
3.76480879780055	0.0
3.7658085478630334	0.0
3.766808297925519	0.0
3.7678080479880034	0.0
3.768807798050488	0.0
3.769807548112972	0.0
3.770807298175456	0.0
3.7718070482379407	0.0
3.772806798300425	0.0
3.773806548362909	0.0
3.774806298425394	0.0
3.7758060484878784	0.0
3.7768057985503622	0.0
3.777805548612847	0.0
3.7788052986753313	0.0
3.779805048737816	0.0
3.780804798800301	0.0
3.7818045488627847	0.0
3.782804298925269	0.0
3.783804048987754	0.0
3.7848037990502377	0.0
3.785803549112722	0.0
3.7868032991752063	0.0
3.78780304923769	0.0
3.788802799300175	0.0
3.78980254936266	0.0
3.790802299425144	0.0
3.791802049487628	0.0
3.7928017995501127	0.0
3.793801549612597	0.0
3.794801299675081	0.0
3.795801049737566	0.0
3.7968007998000495	0.0
3.797800549862535	0.0
3.798800299925019	0.0
3.7998000499875033	0.0
3.800799800049988	0.0
3.801799550112472	0.0
3.802799300174956	0.0
3.803799050237441	0.0
3.804798800299925	0.0
3.8057985503624097	0.0
3.806798300424894	0.0
3.8077980504873774	0.0
3.808797800549863	0.0
3.8097975506123474	0.0
3.810797300674832	0.0
3.811797050737316	0.0
3.8127968007998	0.0
3.8137965508622846	0.0
3.814796300924769	0.0
3.815796050987253	0.0
3.8167958010497376	0.0
3.8177955511122224	0.0
3.8187953011747062	0.0
3.819795051237191	0.0
3.8207948012996753	0.0
3.82179455136216	0.0
3.822794301424644	0.0
3.8237940514871287	0.0
3.824793801549613	0.0
3.825793551612097	0.0
3.8267933016745816	0.0
3.827793051737066	0.0
3.8287928017995503	0.0
3.8297925518620346	0.0
3.830792301924519	0.0
3.8317920519870032	0.0
3.832791802049488	0.0
3.833791552111972	0.0
3.8347913021744566	0.0
3.835791052236941	0.0
3.836790802299425	0.0
3.8377905523619096	0.0
3.8387903024243935	0.0
3.839790052486879	0.0
3.840789802549363	0.0
3.8417895526118473	0.0
3.842789302674332	0.0
3.843789052736816	0.0
3.8447888027993	0.0
3.845788552861785	0.0
3.846788302924269	0.0
3.8477880529867536	0.0
3.848787803049238	0.0
3.8497875531117214	0.0
3.850787303174207	0.0
3.851787053236691	0.0
3.852786803299176	0.0
3.85378655336166	0.0
3.854786303424144	0.0
3.8557860534866286	0.0
3.856785803549113	0.0
3.857785553611597	0.0
3.8587853036740816	0.0
3.859785053736566	0.0
3.86078480379905	0.0
3.861784553861535	0.0
3.8627843039240193	0.0
3.863784053986504	0.0
3.864783804048988	0.0
3.865783554111472	0.0
3.866783304173957	0.0
3.867783054236441	0.0
3.8687828042989256	0.0
3.86978255436141	0.0
3.8707823044238943	0.0
3.8717820544863786	0.0
3.872781804548863	0.0
3.873781554611347	0.0
3.874781304673832	0.0
3.875781054736316	0.0
3.8767808047988006	0.0
3.877780554861285	0.0
3.878780304923769	0.0
3.8797800549862536	0.0
3.880779805048738	0.0
3.881779555111223	0.0
3.882779305173707	0.0
3.8837790552361913	0.0
3.884778805298676	0.0
3.88577855536116	0.0
3.886778305423644	0.0
3.887778055486129	0.0
3.888777805548613	0.0
3.8897775556110976	0.0
3.890777305673582	0.0
3.891777055736066	0.0
3.892776805798551	0.0
3.893776555861035	0.0
3.894776305923519	0.0
3.895776055986004	0.0
3.896775806048488	0.0
3.8977755561109726	0.0
3.898775306173457	0.0
3.899775056235941	0.0
3.9007748062984255	0.0
3.90177455636091	0.0
3.902774306423394	0.0
3.903774056485879	0.0
3.9047738065483633	0.0
3.905773556610848	0.0
3.906773306673332	0.0
3.907773056735816	0.0
3.908772806798301	0.0
3.909772556860785	0.0
3.9107723069232696	0.0
3.911772056985754	0.0
3.9127718070482382	0.0
3.9137715571107226	0.0
3.914771307173207	0.0
3.915771057235691	0.0
3.916770807298176	0.0
3.91777055736066	0.0
3.9187703074231446	0.0
3.919770057485629	0.0
3.920769807548113	0.0
3.9217695576105975	0.0
3.922769307673082	0.0
3.923769057735566	0.0
3.924768807798051	0.0
3.9257685578605352	0.0
3.92676830792302	0.0
3.927768057985504	0.0
3.928767808047988	0.0
3.929767558110473	0.0
3.930767308172957	0.0
3.931767058235441	0.0
3.932766808297926	0.0
3.93376655836041	0.0
3.934766308422895	0.0
3.935766058485379	0.0
3.936765808547863	0.0
3.937765558610348	0.0
3.938765308672832	0.0
3.939765058735317	0.0
3.940764808797801	0.0
3.941764558860285	0.0
3.9427643089227695	0.0
3.943764058985254	0.0
3.944763809047738	0.0
3.9457635591102234	0.0
3.9467633091727072	0.0
3.947763059235192	0.0
3.948762809297676	0.0
3.94976255936016	0.0
3.950762309422645	0.0
3.951762059485129	0.0
3.9527618095476136	0.0
3.953761559610098	0.0
3.954761309672582	0.0
3.9557610597350665	0.0
3.956760809797551	0.0
3.957760559860035	0.0
3.95876030992252	0.0
3.959760059985004	0.0
3.960759810047488	0.0
3.961759560109973	0.0
3.962759310172457	0.0
3.9637590602349415	0.0
3.964758810297426	0.0
3.96575856035991	0.0
3.9667583104223945	0.0
3.9677580604848792	0.0
3.968757810547364	0.0
3.969757560609848	0.0
3.970757310672332	0.0
3.971757060734817	0.0
3.972756810797301	0.0
3.973756560859785	0.0
3.974756310922269	0.0
3.975756060984754	0.0
3.9767558110472394	0.0
3.977755561109723	0.0
3.978755311172207	0.0
3.979755061234692	0.0
3.980754811297176	0.0
3.981754561359661	0.0
3.982754311422145	0.0
3.983754061484629	0.0
3.9847538115471135	0.0
3.985753561609598	0.0
3.986753311672082	0.0
3.9877530617345673	0.0
3.9887528117970503	0.0
3.989752561859536	0.0
3.99075231192202	0.0
3.991752061984504	0.0
3.992751812046989	0.0
3.993751562109473	0.0
3.994751312171957	0.0
3.995751062234442	0.0
3.996750812296926	0.0
3.9977505623594105	0.0
3.998750312421895	0.0
3.999750062484379	0.0
4.000749812546864	0.0
4.001749562609348	0.0
4.002749312671832	0.0
4.003749062734316	0.0
4.004748812796802	0.0
4.005748562859285	0.0
4.00674831292177	0.0
4.007748062984254	0.0
4.008747813046739	0.0
4.009747563109222	0.0
4.010747313171708	0.0
4.011747063234192	0.0
4.012746813296676	0.0
4.0137465633591605	0.0
4.014746313421645	0.0
4.015746063484129	0.0
4.016745813546613	0.0
4.017745563609098	0.0
4.018745313671582	0.0
4.019745063734067	0.0
4.020744813796551	0.0
4.021744563859036	0.0
4.022744313921519	0.0
4.0237440639840045	0.0
4.024743814046489	0.0
4.025743564108973	0.0
4.0267433141714575	0.0
4.027743064233942	0.0
4.028742814296426	0.0
4.02974256435891	0.0
4.030742314421395	0.0
4.031742064483879	0.0
4.032741814546364	0.0
4.033741564608848	0.0
4.034741314671333	0.0
4.035741064733816	0.0
4.0367408147963015	0.0
4.037740564858785	0.0
4.03874031492127	0.0
4.0397400649837545	0.0
4.040739815046239	0.0
4.041739565108723	0.0
4.042739315171207	0.0
4.043739065233692	0.0
4.044738815296176	0.0
4.04573856535866	0.0
4.046738315421145	0.0
4.04773806548363	0.0
4.048737815546113	0.0
4.049737565608599	0.0
4.050737315671082	0.0
4.051737065733567	0.0
4.052736815796051	0.0
4.053736565858536	0.0
4.05473631592102	0.0
4.055736065983504	0.0
4.056735816045989	0.0
4.057735566108473	0.0
4.058735316170957	0.0
4.059735066233442	0.0
4.060734816295926	0.0
4.06173456635841	0.0
4.062734316420896	0.0
4.063734066483379	0.0
4.064733816545864	0.0
4.065733566608348	0.0
4.066733316670833	0.0
4.067733066733317	0.0
4.0687328167958015	0.0
4.069732566858286	0.0
4.07073231692077	0.0
4.071732066983254	0.0
4.072731817045739	0.0
4.073731567108223	0.0
4.074731317170707	0.0
4.075731067233193	0.0
4.076730817295676	0.0
4.077730567358161	0.0
4.078730317420645	0.0
4.07973006748313	0.0
4.080729817545613	0.0
4.0817295676080985	0.0
4.082729317670583	0.0
4.083729067733067	0.0
4.084728817795551	0.0
4.085728567858036	0.0
4.08672831792052	0.0
4.087728067983004	0.0
4.088727818045489	0.0
4.089727568107973	0.0
4.090727318170458	0.0
4.091727068232942	0.0
4.092726818295427	0.0
4.09372656835791	0.0
4.094726318420396	0.0
4.095726068482879	0.0
4.096725818545364	0.0
4.097725568607848	0.0
4.098725318670333	0.0
4.099725068732817	0.0
4.100724818795301	0.0
4.101724568857786	0.0
4.10272431892027	0.0
4.103724068982754	0.0
4.104723819045239	0.0
4.105723569107724	0.0
4.106723319170207	0.0
4.1077230692326925	0.0
4.108722819295176	0.0
4.109722569357661	0.0
4.110722319420145	0.0
4.11172206948263	0.0
4.112721819545114	0.0
4.113721569607598	0.0
4.114721319670083	0.0
4.115721069732567	0.0
4.116720819795051	0.0
4.117720569857536	0.0
4.118720319920021	0.0
4.119720069982504	0.0
4.1207198200449895	0.0
4.121719570107473	0.0
4.122719320169958	0.0
4.1237190702324416	0.0
4.124718820294927	0.0
4.125718570357411	0.0
4.126718320419895	0.0
4.12771807048238	0.0
4.128717820544864	0.0
4.129717570607348	0.0
4.130717320669833	0.0
4.131717070732317	0.0
4.132716820794801	0.0
4.133716570857287	0.0
4.13471632091977	0.0
4.135716070982255	0.0
4.136715821044739	0.0
4.137715571107224	0.0
4.138715321169707	0.0
4.139715071232192	0.0
4.140714821294677	0.0
4.141714571357161	0.0
4.142714321419645	0.0
4.14371407148213	0.0
4.144713821544614	0.0
4.145713571607098	0.0
4.146713321669583	0.0
4.147713071732067	0.0
4.148712821794552	0.0
4.149712571857036	0.0
4.150712321919521	0.0
4.151712071982004	0.0
4.152711822044489	0.0
4.153711572106974	0.0
4.154711322169458	0.0
4.155711072231942	0.0
4.156710822294427	0.0
4.157710572356911	0.0
4.158710322419395	0.0
4.15971007248188	0.0
4.160709822544364	0.0
4.161709572606849	0.0
4.162709322669333	0.0
4.163709072731818	0.0
4.164708822794301	0.0
4.165708572856786	0.0
4.16670832291927	0.0
4.167708072981755	0.0
4.168707823044239	0.0
4.169707573106724	0.0
4.170707323169208	0.0
4.171707073231692	0.0
4.172706823294177	0.0
4.173706573356661	0.0
4.174706323419145	0.0
4.17570607348163	0.0
4.176705823544115	0.0
4.177705573606598	0.0
4.178705323669083	0.0
4.179705073731567	0.0
4.180704823794052	0.0
4.181704573856536	0.0
4.182704323919021	0.0
4.183704073981505	0.0
4.184703824043989	0.0
4.185703574106474	0.0
4.186703324168958	0.0
4.187703074231442	0.0
4.188702824293927	0.0
4.189702574356411	0.0
4.190702324418895	0.0
4.19170207448138	0.0
4.192701824543864	0.0
4.193701574606349	0.0
4.1947013246688325	0.0
4.195701074731318	0.0
4.196700824793802	0.0
4.197700574856286	0.0
4.198700324918771	0.0
4.199700074981255	0.0
4.200699825043739	0.0
4.201699575106224	0.0
4.202699325168708	0.0
4.203699075231192	0.0
4.204698825293677	0.0
4.205698575356161	0.0
4.206698325418646	0.0
4.2076980754811295	0.0
4.208697825543615	0.0
4.209697575606098	0.0
4.210697325668583	0.0
4.211697075731068	0.0
4.212696825793552	0.0
4.213696575856036	0.0
4.214696325918521	0.0
4.215696075981005	0.0
4.216695826043489	0.0
4.217695576105974	0.0
4.218695326168458	0.0
4.219695076230943	0.0
4.2206948262934265	0.0
4.221694576355912	0.0
4.222694326418395	0.0
4.22369407648088	0.0
4.224693826543365	0.0
4.225693576605849	0.0
4.226693326668333	0.0
4.227693076730818	0.0
4.228692826793302	0.0
4.229692576855786	0.0
4.230692326918271	0.0
4.231692076980755	0.0
4.232691827043239	0.0
4.233691577105724	0.0
4.234691327168209	0.0
4.235691077230692	0.0
4.236690827293177	0.0
4.237690577355661	0.0
4.238690327418146	0.0
4.23969007748063	0.0
4.240689827543115	0.0
4.241689577605599	0.0
4.242689327668083	0.0
4.243689077730568	0.0
4.244688827793052	0.0
4.245688577855536	0.0
4.2466883279180205	0.0
4.247688077980506	0.0
4.248687828042989	0.0
4.249687578105474	0.0
4.250687328167958	0.0
4.251687078230443	0.0
4.252686828292926	0.0
4.253686578355412	0.0
4.254686328417896	0.0
4.25568607848038	0.0
4.256685828542865	0.0
4.257685578605349	0.0
4.258685328667833	0.0
4.2596850787303175	0.0
4.260684828792802	0.0
4.261684578855286	0.0
4.262684328917771	0.0
4.263684078980255	0.0
4.26468382904274	0.0
4.265683579105224	0.0
4.266683329167709	0.0
4.267683079230193	0.0
4.268682829292677	0.0
4.269682579355162	0.0
4.270682329417646	0.0
4.27168207948013	0.0
4.272681829542615	0.0
4.273681579605099	0.0
4.274681329667583	0.0
4.275681079730068	0.0
4.276680829792552	0.0
4.277680579855037	0.0
4.2786803299175205	0.0
4.279680079980006	0.0
4.280679830042489	0.0
4.281679580104974	0.0
4.282679330167459	0.0
4.283679080229943	0.0
4.284678830292427	0.0
4.285678580354912	0.0
4.286678330417396	0.0
4.28767808047988	0.0
4.2886778305423645	0.0
4.289677580604849	0.0
4.290677330667334	0.0
4.2916770807298175	0.0
4.292676830792303	0.0
4.293676580854786	0.0
4.294676330917271	0.0
4.295676080979755	0.0
4.29667583104224	0.0
4.297675581104724	0.0
4.298675331167209	0.0
4.299675081229693	0.0
4.300674831292177	0.0
4.3016745813546615	0.0
4.302674331417146	0.0
4.30367408147963	0.0
4.3046738315421145	0.0
4.3056735816046	0.0
4.306673331667083	0.0
4.307673081729568	0.0
4.308672831792052	0.0
4.309672581854537	0.0
4.310672331917021	0.0
4.311672081979506	0.0
4.31267183204199	0.0
4.313671582104474	0.0
4.314671332166959	0.0
4.315671082229443	0.0
4.316670832291927	0.0
4.317670582354412	0.0
4.318670332416896	0.0
4.31967008247938	0.0
4.320669832541865	0.0
4.321669582604349	0.0
4.322669332666834	0.0
4.323669082729317	0.0
4.324668832791803	0.0
4.325668582854287	0.0
4.326668332916771	0.0
4.327668082979256	0.0
4.32866783304174	0.0
4.329667583104224	0.0
4.3306673331667085	0.0
4.331667083229193	0.0
4.332666833291677	0.0
4.333666583354162	0.0
4.334666333416646	0.0
4.335666083479131	0.0
4.336665833541614	0.0
4.3376655836041	0.0
4.338665333666583	0.0
4.339665083729068	0.0
4.3406648337915525	0.0
4.341664583854037	0.0
4.342664333916521	0.0
4.3436640839790055	0.0
4.34466383404149	0.0
4.345663584103974	0.0
4.346663334166458	0.0
4.347663084228943	0.0
4.348662834291428	0.0
4.349662584353911	0.0
4.350662334416397	0.0
4.35166208447888	0.0
4.352661834541365	0.0
4.3536615846038496	0.0
4.354661334666334	0.0
4.355661084728818	0.0
4.356660834791303	0.0
4.357660584853787	0.0
4.358660334916271	0.0
4.359660084978756	0.0
4.36065983504124	0.0
4.361659585103724	0.0
4.362659335166208	0.0
4.363659085228694	0.0
4.364658835291177	0.0
4.365658585353662	0.0
4.366658335416146	0.0
4.367658085478631	0.0
4.368657835541115	0.0
4.3696575856036	0.0
4.370657335666084	0.0
4.371657085728568	0.0
4.3726568357910525	0.0
4.373656585853537	0.0
4.374656335916021	0.0
4.375656085978505	0.0
4.376655836040991	0.0
4.377655586103474	0.0
4.378655336165959	0.0
4.379655086228443	0.0
4.380654836290928	0.0
4.381654586353411	0.0
4.3826543364158965	0.0
4.383654086478381	0.0
4.384653836540865	0.0
4.3856535866033495	0.0
4.386653336665834	0.0
4.387653086728318	0.0
4.388652836790802	0.0
4.389652586853287	0.0
4.390652336915771	0.0
4.391652086978256	0.0
4.39265183704074	0.0
4.393651587103225	0.0
4.394651337165708	0.0
4.3956510872281935	0.0
4.396650837290678	0.0
4.397650587353162	0.0
4.398650337415647	0.0
4.399650087478131	0.0
4.400649837540615	0.0
4.401649587603099	0.0
4.402649337665584	0.0
4.403649087728068	0.0
4.404648837790553	0.0
4.405648587853037	0.0
4.406648337915522	0.0
4.407648087978005	0.0
4.4086478380404905	0.0
4.409647588102974	0.0
4.410647338165459	0.0
4.411647088227944	0.0
4.412646838290428	0.0
4.413646588352912	0.0
4.414646338415396	0.0
4.415646088477881	0.0
4.416645838540365	0.0
4.417645588602849	0.0
4.418645338665334	0.0
4.419645088727819	0.0
4.420644838790302	0.0
4.421644588852788	0.0
4.422644338915271	0.0
4.423644088977756	0.0
4.42464383904024	0.0
4.425643589102725	0.0
4.426643339165209	0.0
4.4276430892276935	0.0
4.428642839290178	0.0
4.429642589352662	0.0
4.430642339415146	0.0
4.431642089477631	0.0
4.432641839540115	0.0
4.433641589602599	0.0
4.434641339665085	0.0
4.435641089727568	0.0
4.436640839790053	0.0
4.437640589852537	0.0
4.438640339915022	0.0
4.439640089977506	0.0
4.440639840039991	0.0
4.441639590102475	0.0
4.442639340164959	0.0
4.443639090227443	0.0
4.444638840289928	0.0
4.445638590352412	0.0
4.446638340414896	0.0
4.447638090477382	0.0
4.448637840539865	0.0
4.44963759060235	0.0
4.450637340664834	0.0
4.451637090727319	0.0
4.452636840789802	0.0
4.453636590852288	0.0
4.454636340914772	0.0
4.455636090977256	0.0
4.45663584103974	0.0
4.457635591102225	0.0
4.458635341164709	0.0
4.459635091227193	0.0
4.460634841289678	0.0
4.461634591352162	0.0
4.462634341414647	0.0
4.463634091477131	0.0
4.464633841539616	0.0
4.465633591602099	0.0
4.4666333416645845	0.0
4.467633091727068	0.0
4.468632841789553	0.0
4.469632591852037	0.0
4.470632341914522	0.0
4.471632091977006	0.0
4.47263184203949	0.0
4.473631592101975	0.0
4.474631342164459	0.0
4.475631092226943	0.0
4.476630842289428	0.0
4.477630592351913	0.0
4.478630342414396	0.0
4.4796300924768815	0.0
4.480629842539365	0.0
4.48162959260185	0.0
4.482629342664334	0.0
4.483629092726819	0.0
4.484628842789303	0.0
4.485628592851787	0.0
4.486628342914272	0.0
4.487628092976756	0.0
4.48862784303924	0.0
4.489627593101725	0.0
4.49062734316421	0.0
4.491627093226693	0.0
4.4926268432891785	0.0
4.493626593351662	0.0
4.494626343414147	0.0
4.495626093476631	0.0
4.496625843539116	0.0
4.4976255936016	0.0
4.498625343664084	0.0
4.499625093726569	0.0
4.500624843789053	0.0
4.501624593851537	0.0
4.502624343914022	0.0
4.503624093976506	0.0
4.50462384403899	0.0
4.505623594101476	0.0
4.506623344163959	0.0
4.507623094226444	0.0
4.508622844288928	0.0
4.509622594351413	0.0
4.510622344413896	0.0
4.511622094476381	0.0
4.512621844538866	0.0
4.51362159460135	0.0
4.514621344663834	0.0
4.515621094726319	0.0
4.516620844788803	0.0
4.517620594851287	0.0
4.518620344913772	0.0
4.519620094976256	0.0
4.520619845038741	0.0
4.521619595101225	0.0
4.52261934516371	0.0
4.523619095226193	0.0
4.524618845288678	0.0
4.525618595351163	0.0
4.526618345413647	0.0
4.527618095476131	0.0
4.528617845538616	0.0
4.5296175956011	0.0
4.530617345663584	0.0
4.531617095726069	0.0
4.532616845788553	0.0
4.533616595851038	0.0
4.534616345913522	0.0
4.535616095976007	0.0
4.53661584603849	0.0
4.537615596100975	0.0
4.538615346163459	0.0
4.539615096225944	0.0
4.540614846288428	0.0
4.541614596350913	0.0
4.542614346413397	0.0
4.543614096475881	0.0
4.544613846538366	0.0
4.54561359660085	0.0
4.546613346663334	0.0
4.547613096725819	0.0
4.548612846788304	0.0
4.549612596850787	0.0
4.550612346913272	0.0
4.551612096975756	0.0
4.552611847038241	0.0
4.5536115971007245	0.0
4.55461134716321	0.0
4.555611097225694	0.0
4.556610847288178	0.0
4.557610597350663	0.0
4.558610347413147	0.0
4.559610097475631	0.0
4.560609847538116	0.0
4.5616095976006	0.0
4.562609347663084	0.0
4.563609097725569	0.0
4.564608847788053	0.0
4.565608597850538	0.0
4.5666083479130215	0.0
4.567608097975507	0.0
4.568607848037991	0.0
4.569607598100475	0.0
4.57060734816296	0.0
4.571607098225444	0.0
4.572606848287928	0.0
4.573606598350413	0.0
4.574606348412897	0.0
4.575606098475381	0.0
4.576605848537866	0.0
4.57760559860035	0.0
4.578605348662835	0.0
4.579605098725319	0.0
4.580604848787804	0.0
4.581604598850287	0.0
4.582604348912772	0.0
4.583604098975257	0.0
4.584603849037741	0.0
4.585603599100225	0.0
4.58660334916271	0.0
4.587603099225194	0.0
4.588602849287678	0.0
4.589602599350163	0.0
4.590602349412647	0.0
4.591602099475132	0.0
4.592601849537616	0.0
4.593601599600101	0.0
4.594601349662584	0.0
4.595601099725069	0.0
4.596600849787553	0.0
4.597600599850038	0.0
4.598600349912522	0.0
4.599600099975007	0.0
4.600599850037491	0.0
4.601599600099975	0.0
4.60259935016246	0.0
4.603599100224944	0.0
4.604598850287428	0.0
4.6055986003499125	0.0
4.606598350412398	0.0
4.607598100474881	0.0
4.608597850537366	0.0
4.60959760059985	0.0
4.610597350662335	0.0
4.611597100724819	0.0
4.612596850787304	0.0
4.613596600849788	0.0
4.614596350912272	0.0
4.615596100974757	0.0
4.616595851037241	0.0
4.617595601099725	0.0
4.6185953511622095	0.0
4.619595101224695	0.0
4.620594851287178	0.0
4.621594601349663	0.0
4.622594351412147	0.0
4.623594101474632	0.0
4.624593851537115	0.0
4.625593601599601	0.0
4.626593351662085	0.0
4.627593101724569	0.0
4.628592851787054	0.0
4.629592601849538	0.0
4.630592351912022	0.0
4.6315921019745065	0.0
4.632591852036991	0.0
4.633591602099475	0.0
4.63459135216196	0.0
4.635591102224444	0.0
4.636590852286929	0.0
4.6375906023494124	0.0
4.638590352411898	0.0
4.639590102474381	0.0
4.640589852536866	0.0
4.641589602599351	0.0
4.642589352661835	0.0
4.643589102724319	0.0
4.644588852786804	0.0
4.645588602849288	0.0
4.646588352911772	0.0
4.6475881029742565	0.0
4.648587853036741	0.0
4.649587603099226	0.0
4.6505873531617095	0.0
4.651587103224195	0.0
4.652586853286678	0.0
4.653586603349163	0.0
4.654586353411648	0.0
4.655586103474132	0.0
4.656585853536616	0.0
4.657585603599101	0.0
4.658585353661585	0.0
4.659585103724069	0.0
4.6605848537865535	0.0
4.661584603849038	0.0
4.662584353911523	0.0
4.663584103974007	0.0
4.664583854036492	0.0
4.665583604098975	0.0
4.66658335416146	0.0
4.667583104223944	0.0
4.668582854286429	0.0
4.669582604348913	0.0
4.670582354411398	0.0
4.671582104473882	0.0
4.672581854536366	0.0
4.6735816045988505	0.0
4.674581354661335	0.0
4.675581104723819	0.0
4.676580854786304	0.0
4.677580604848789	0.0
4.678580354911272	0.0
4.679580104973757	0.0
4.680579855036241	0.0
4.681579605098726	0.0
4.682579355161209	0.0
4.683579105223695	0.0
4.684578855286179	0.0
4.685578605348663	0.0
4.686578355411148	0.0
4.687578105473632	0.0
4.688577855536116	0.0
4.6895776055986005	0.0
4.690577355661085	0.0
4.691577105723569	0.0
4.692576855786054	0.0
4.693576605848538	0.0
4.694576355911023	0.0
4.695576105973506	0.0
4.696575856035992	0.0
4.697575606098476	0.0
4.69857535616096	0.0
4.6995751062234445	0.0
4.700574856285929	0.0
4.701574606348413	0.0
4.7025743564108975	0.0
4.703574106473382	0.0
4.704573856535866	0.0
4.705573606598351	0.0
4.706573356660835	0.0
4.70757310672332	0.0
4.708572856785803	0.0
4.709572606848289	0.0
4.710572356910772	0.0
4.711572106973257	0.0
4.7125718570357416	0.0
4.713571607098226	0.0
4.71457135716071	0.0
4.7155711072231945	0.0
4.716570857285679	0.0
4.717570607348163	0.0
4.718570357410648	0.0
4.719570107473132	0.0
4.720569857535617	0.0
4.7215696075981	0.0
4.722569357660586	0.0
4.723569107723069	0.0
4.724568857785554	0.0
4.725568607848038	0.0
4.726568357910523	0.0
4.727568107973007	0.0
4.728567858035492	0.0
4.729567608097976	0.0
4.73056735816046	0.0
4.7315671082229445	0.0
4.732566858285429	0.0
4.733566608347913	0.0
4.734566358410397	0.0
4.735566108472883	0.0
4.736565858535366	0.0
4.737565608597851	0.0
4.738565358660335	0.0
4.73956510872282	0.0
4.740564858785304	0.0
4.7415646088477885	0.0
4.742564358910273	0.0
4.743564108972757	0.0
4.7445638590352415	0.0
4.745563609097726	0.0
4.74656335916021	0.0
4.747563109222694	0.0
4.74856285928518	0.0
4.749562609347663	0.0
4.750562359410148	0.0
4.751562109472632	0.0
4.752561859535117	0.0
4.7535616095976	0.0
4.7545613596600855	0.0
4.75556110972257	0.0
4.756560859785054	0.0
4.7575606098475385	0.0
4.758560359910023	0.0
4.759560109972507	0.0
4.760559860034991	0.0
4.761559610097476	0.0
4.76255936015996	0.0
4.763559110222445	0.0
4.764558860284929	0.0
4.765558610347414	0.0
4.766558360409897	0.0
4.767558110472383	0.0
4.768557860534866	0.0
4.769557610597351	0.0
4.770557360659836	0.0
4.77155711072232	0.0
4.772556860784804	0.0
4.773556610847288	0.0
4.774556360909773	0.0
4.775556110972257	0.0
4.776555861034741	0.0
4.777555611097226	0.0
4.778555361159711	0.0
4.779555111222194	0.0
4.78055486128468	0.0
4.781554611347163	0.0
4.782554361409648	0.0
4.7835541114721325	0.0
4.784553861534617	0.0
4.785553611597101	0.0
4.7865533616595854	0.0
4.78755311172207	0.0
4.788552861784554	0.0
4.789552611847038	0.0
4.790552361909523	0.0
4.791552111972008	0.0
4.792551862034491	0.0
4.7935516120969766	0.0
4.79455136215946	0.0
4.795551112221945	0.0
4.796550862284429	0.0
4.797550612346914	0.0
4.798550362409398	0.0
4.7995501124718825	0.0
4.800549862534367	0.0
4.801549612596851	0.0
4.802549362659335	0.0
4.80354911272182	0.0
4.804548862784304	0.0
4.805548612846788	0.0
4.806548362909274	0.0
4.807548112971757	0.0
4.808547863034242	0.0
4.809547613096726	0.0
4.810547363159211	0.0
4.811547113221694	0.0
4.81254686328418	0.0
4.813546613346664	0.0
4.814546363409148	0.0
4.815546113471632	0.0
4.816545863534117	0.0
4.817545613596601	0.0
4.818545363659085	0.0
4.81954511372157	0.0
4.820544863784054	0.0
4.821544613846539	0.0
4.822544363909023	0.0
4.823544113971508	0.0
4.824543864033991	0.0
4.8255436140964765	0.0
4.826543364158961	0.0
4.827543114221445	0.0
4.828542864283929	0.0
4.829542614346414	0.0
4.830542364408898	0.0
4.831542114471382	0.0
4.832541864533867	0.0
4.833541614596351	0.0
4.834541364658836	0.0
4.83554111472132	0.0
4.836540864783805	0.0
4.837540614846288	0.0
4.8385403649087735	0.0
4.839540114971257	0.0
4.840539865033742	0.0
4.841539615096226	0.0
4.842539365158711	0.0
4.843539115221195	0.0
4.844538865283679	0.0
4.845538615346164	0.0
4.846538365408648	0.0
4.847538115471132	0.0
4.848537865533617	0.0
4.849537615596102	0.0
4.850537365658585	0.0
4.851537115721071	0.0
4.852536865783554	0.0
4.853536615846039	0.0
4.8545363659085226	0.0
4.855536115971008	0.0
4.856535866033492	0.0
4.857535616095976	0.0
4.858535366158461	0.0
4.859535116220945	0.0
4.860534866283429	0.0
4.861534616345914	0.0
4.862534366408398	0.0
4.863534116470882	0.0
4.864533866533368	0.0
4.865533616595851	0.0
4.866533366658336	0.0
4.86753311672082	0.0
4.868532866783305	0.0
4.869532616845789	0.0
4.870532366908273	0.0
4.871532116970758	0.0
4.872531867033242	0.0
4.873531617095726	0.0
4.874531367158211	0.0
4.875531117220695	0.0
4.876530867283179	0.0
4.8775306173456645	0.0
4.878530367408148	0.0
4.879530117470633	0.0
4.880529867533117	0.0
4.881529617595602	0.0
4.882529367658085	0.0
4.88352911772057	0.0
4.884528867783055	0.0
4.885528617845539	0.0
4.886528367908023	0.0
4.887528117970508	0.0
4.888527868032992	0.0
4.889527618095476	0.0
4.890527368157961	0.0
4.891527118220445	0.0
4.89252686828293	0.0
4.893526618345414	0.0
4.894526368407899	0.0
4.895526118470382	0.0
4.896525868532867	0.0
4.897525618595351	0.0
4.898525368657836	0.0
4.89952511872032	0.0
4.900524868782805	0.0
4.901524618845289	0.0
4.902524368907773	0.0
4.903524118970258	0.0
4.904523869032742	0.0
4.905523619095226	0.0
4.906523369157711	0.0
4.907523119220196	0.0
4.908522869282679	0.0
4.909522619345164	0.0
4.910522369407648	0.0
4.911522119470133	0.0
4.912521869532617	0.0
4.913521619595102	0.0
4.914521369657586	0.0
4.91552111972007	0.0
4.916520869782555	0.0
4.917520619845039	0.0
4.918520369907523	0.0
4.919520119970008	0.0
4.920519870032493	0.0
4.921519620094976	0.0
4.922519370157461	0.0
4.923519120219945	0.0
4.92451887028243	0.0
4.9255186203449135	0.0
4.926518370407399	0.0
4.927518120469883	0.0
4.928517870532367	0.0
4.929517620594852	0.0
4.930517370657336	0.0
4.93151712071982	0.0
4.932516870782305	0.0
4.933516620844789	0.0
4.934516370907273	0.0
4.9355161209697584	0.0
4.936515871032242	0.0
4.937515621094727	0.0
4.9385153711572105	0.0
4.939515121219696	0.0
4.940514871282179	0.0
4.941514621344664	0.0
4.942514371407149	0.0
4.943514121469633	0.0
4.944513871532117	0.0
4.945513621594602	0.0
4.946513371657086	0.0
4.94751312171957	0.0
4.948512871782055	0.0
4.949512621844539	0.0
4.950512371907024	0.0
4.951512121969508	0.0
4.952511872031993	0.0
4.953511622094476	0.0
4.954511372156961	0.0
4.955511122219446	0.0
4.95651087228193	0.0
4.957510622344414	0.0
4.958510372406899	0.0
4.959510122469383	0.0
4.960509872531867	0.0
4.961509622594352	0.0
4.962509372656836	0.0
4.963509122719321	0.0
4.9645088727818045	0.0
4.96550862284429	0.0
4.966508372906773	0.0
4.967508122969258	0.0
4.968507873031742	0.0
4.969507623094227	0.0
4.970507373156711	0.0
4.971507123219196	0.0
4.97250687328168	0.0
4.973506623344164	0.0
4.974506373406649	0.0
4.975506123469133	0.0
4.976505873531617	0.0
4.9775056235941015	0.0
4.978505373656587	0.0
4.97950512371907	0.0
4.980504873781555	0.0
4.981504623844039	0.0
4.982504373906524	0.0
4.983504123969007	0.0
4.984503874031493	0.0
4.985503624093977	0.0
4.986503374156461	0.0
4.987503124218946	0.0
4.98850287428143	0.0
4.989502624343914	0.0
4.990502374406399	0.0
4.991502124468883	0.0
4.992501874531367	0.0
4.993501624593852	0.0
4.994501374656336	0.0
4.995501124718821	0.0
4.996500874781304	0.0
4.99750062484379	0.0
4.998500374906274	0.0
4.999500124968758	0.0
