0 0.251566 0.251655 0.252943 0.251668 0.248851 0.247461 0.24685 0.245857 0.245638 0.244691 0.244193 0.240277 0.239711 0.237936 0.236005 0.236707
100000 0.33249 0.33484 0.333824 0.334642 0.333711 0.332343 0.330175 0.330112 0.328645 0.327628 0.324679 0.322812 0.31952 0.317995 0.316594 0.313954
200000 0.491636 0.496852 0.496558 0.500253 0.499144 0.501116 0.499596 0.500218 0.497183 0.49568 0.49319 0.491949 0.48877 0.486796 0.482775 0.478047
300000 0.597558 0.606038 0.605058 0.60823 0.606252 0.608538 0.605636 0.607326 0.605203 0.60482 0.60194 0.600354 0.595421 0.593153 0.589253 0.583423
400000 0.642261 0.653086 0.652252 0.657535 0.657309 0.660263 0.658974 0.661726 0.658917 0.659768 0.656583 0.655176 0.651046 0.649844 0.64602 0.639166
500000 0.670218 0.681622 0.680064 0.685893 0.684797 0.689004 0.687942 0.691712 0.689332 0.691772 0.688422 0.689234 0.685996 0.685385 0.681992 0.675447
600000 0.691357 0.703766 0.702098 0.708234 0.706741 0.710447 0.709142 0.712514 0.709715 0.711934 0.708311 0.709113 0.70579 0.705598 0.703579 0.696424
700000 0.703714 0.716672 0.714153 0.720429 0.718532 0.722803 0.720829 0.723696 0.721415 0.723684 0.72039 0.721697 0.716829 0.716788 0.714165 0.707447
800000 0.708346 0.722163 0.718927 0.724914 0.722863 0.726704 0.724949 0.727919 0.725162 0.727354 0.724332 0.725707 0.721996 0.722144 0.719827 0.713057
900000 0.712857 0.725751 0.722931 0.727946 0.726432 0.730619 0.72822 0.731885 0.729079 0.73103 0.727875 0.729377 0.726219 0.726244 0.723826 0.71762
1000000 0.715046 0.728438 0.725734 0.730855 0.729092 0.733445 0.731485 0.734411 0.731538 0.733826 0.730787 0.732301 0.728994 0.728838 0.726433 0.720251
1100000 0.714528 0.728433 0.725196 0.731518 0.729681 0.734318 0.731933 0.735612 0.733239 0.735929 0.733526 0.733975 0.731354 0.730686 0.728954 0.722162
1200000 0.714449 0.727824 0.724927 0.731398 0.72926 0.734022 0.731938 0.73518 0.732808 0.735411 0.732485 0.73442 0.731313 0.731416 0.729397 0.722337
1300000 0.716049 0.728636 0.725551 0.731811 0.729761 0.733974 0.731728 0.735511 0.732976 0.735348 0.732857 0.734186 0.730251 0.730641 0.728501 0.721673
1400000 0.715218 0.728287 0.725761 0.731595 0.730027 0.734354 0.73229 0.735797 0.732813 0.735137 0.731816 0.733374 0.73 0.730054 0.727857 0.721423
1500000 0.719075 0.732031 0.729246 0.735118 0.7332 0.738338 0.735984 0.739033 0.736273 0.738322 0.735252 0.736553 0.733105 0.733322 0.731331 0.724237
1600000 0.718393 0.731648 0.728179 0.733967 0.732385 0.73662 0.734716 0.738188 0.735716 0.737944 0.735156 0.736095 0.73315 0.732954 0.73168 0.724812
1700000 0.719688 0.732921 0.729983 0.736344 0.733716 0.738488 0.735807 0.73938 0.736271 0.738107 0.734961 0.735978 0.732359 0.732463 0.730253 0.723307
1800000 0.720802 0.734657 0.731262 0.736792 0.734532 0.738621 0.736755 0.739635 0.737135 0.739456 0.736644 0.73779 0.734312 0.733892 0.732467 0.724952
1900000 0.719377 0.732776 0.729517 0.735371 0.733124 0.737929 0.735881 0.738985 0.736276 0.73806 0.735689 0.736701 0.733751 0.733837 0.731184 0.724169
2000000 0.718543 0.731957 0.728566 0.734474 0.732301 0.736335 0.734241 0.737706 0.734424 0.736903 0.733466 0.734599 0.73122 0.731482 0.729724 0.722348
2100000 0.720022 0.732479 0.729348 0.734925 0.732876 0.73747 0.735435 0.738469 0.735459 0.737309 0.733911 0.735354 0.731609 0.731808 0.729446 0.722685
2200000 0.718354 0.731703 0.72836 0.73478 0.732413 0.736152 0.734348 0.736864 0.734834 0.737651 0.734299 0.736013 0.731631 0.73253 0.730222 0.724038
2300000 0.718502 0.732585 0.729424 0.735564 0.733167 0.737896 0.734835 0.738416 0.735088 0.73734 0.734488 0.735107 0.731371 0.731935 0.729427 0.723451
2400000 0.71745 0.731328 0.72839 0.73409 0.731721 0.736162 0.734075 0.737834 0.734697 0.737198 0.732956 0.734876 0.731367 0.730965 0.728818 0.721766
2500000 0.718122 0.731427 0.727983 0.733257 0.731627 0.735933 0.733969 0.736992 0.734584 0.737074 0.733531 0.734597 0.730903 0.731181 0.728466 0.72126
2600000 0.719881 0.73283 0.729675 0.734817 0.732617 0.737083 0.734539 0.738018 0.735508 0.737728 0.735148 0.736358 0.732331 0.732378 0.729975 0.724663
2700000 0.71926 0.73184 0.728977 0.735028 0.73326 0.737417 0.735181 0.738918 0.736007 0.737988 0.735081 0.736529 0.732901 0.73286 0.730309 0.722854
2800000 0.71766 0.730181 0.727525 0.733375 0.731838 0.736324 0.733844 0.737807 0.734596 0.737356 0.734483 0.735868 0.73199 0.731788 0.730224 0.723573
2900000 0.719005 0.732557 0.729129 0.735035 0.733548 0.73734 0.735214 0.738443 0.735704 0.737797 0.734417 0.735824 0.732706 0.732225 0.729791 0.722552
3000000 0.719109 0.732568 0.729032 0.734525 0.732793 0.736842 0.734292 0.737573 0.735054 0.737048 0.733974 0.735665 0.731607 0.73207 0.730359 0.723139
3100000 0.719542 0.732138 0.729245 0.735344 0.733355 0.737136 0.734832 0.738627 0.735839 0.738322 0.735612 0.737171 0.734134 0.733791 0.731614 0.724638
3200000 0.719464 0.732306 0.72964 0.735595 0.73356 0.738435 0.736094 0.739244 0.73711 0.73892 0.73488 0.736457 0.733053 0.732354 0.730318 0.724055
3300000 0.719111 0.732021 0.728712 0.73403 0.732913 0.737092 0.734542 0.738099 0.73566 0.737539 0.734209 0.735703 0.73181 0.732739 0.730471 0.723812
3400000 0.720668 0.732875 0.730153 0.735961 0.734035 0.737246 0.735764 0.738521 0.735384 0.737284 0.734089 0.73612 0.732571 0.732665 0.729387 0.723234
3500000 0.719885 0.73288 0.730105 0.735772 0.733644 0.737527 0.735342 0.738666 0.736224 0.738203 0.735056 0.736138 0.732681 0.732417 0.729983 0.723498
3600000 0.717508 0.731588 0.728322 0.734531 0.732033 0.736465 0.734268 0.737352 0.734544 0.736727 0.733446 0.735172 0.731216 0.73166 0.729174 0.723235
3700000 0.718477 0.731274 0.728096 0.734341 0.732253 0.736466 0.734142 0.737086 0.734537 0.736951 0.733175 0.735418 0.731481 0.732016 0.730351 0.724313
3800000 0.717596 0.731222 0.727921 0.733859 0.731711 0.736196 0.734506 0.737456 0.735253 0.737423 0.734486 0.735576 0.731679 0.731944 0.730443 0.723671
3900000 0.718342 0.730864 0.727865 0.734133 0.731759 0.736567 0.734833 0.738083 0.735228 0.737963 0.734421 0.735678 0.732123 0.732524 0.730363 0.722994
4000000 0.716483 0.730062 0.727487 0.733321 0.730882 0.73583 0.733287 0.736708 0.733835 0.736148 0.733196 0.734475 0.730436 0.731373 0.728891 0.722467
4100000 0.720087 0.732731 0.730337 0.736169 0.734489 0.738054 0.735875 0.739228 0.736688 0.739 0.735543 0.73711 0.733383 0.733644 0.731019 0.724381
4200000 0.719765 0.732872 0.729382 0.734906 0.733088 0.736944 0.734695 0.738329 0.736143 0.737998 0.735053 0.736145 0.732285 0.732632 0.730742 0.724335
4300000 0.71847 0.732339 0.729139 0.735067 0.732774 0.736984 0.735345 0.738395 0.735541 0.738031 0.734547 0.735977 0.732532 0.732785 0.730873 0.724845
4400000 0.719221 0.73219 0.729319 0.734937 0.73315 0.737228 0.735064 0.738433 0.735571 0.73795 0.735203 0.736358 0.732653 0.732933 0.730316 0.724404
4500000 0.718049 0.731964 0.728197 0.734218 0.732177 0.736638 0.73413 0.737321 0.734432 0.737103 0.733503 0.735232 0.731542 0.731413 0.72957 0.721719
4600000 0.717418 0.731896 0.72883 0.735297 0.732882 0.738326 0.735585 0.739357 0.736639 0.738678 0.735274 0.736445 0.733578 0.733285 0.731509 0.724113
4700000 0.718074 0.731756 0.728444 0.735 0.732857 0.737528 0.734931 0.738064 0.735567 0.737622 0.734323 0.736027 0.732201 0.732342 0.730346 0.7232
4800000 0.718912 0.731415 0.728264 0.734522 0.732232 0.737418 0.734549 0.737345 0.734559 0.737049 0.734029 0.735659 0.731943 0.731894 0.729482 0.723376
4900000 0.717716 0.730573 0.727516 0.733562 0.73125 0.736501 0.734069 0.737074 0.734326 0.736711 0.733726 0.734993 0.730946 0.730797 0.728528 0.721962
5000000 0.719198 0.732557 0.72969 0.735029 0.733067 0.737438 0.735346 0.738146 0.735722 0.738049 0.734324 0.736543 0.732659 0.73291 0.730938 0.723799
5100000 0.718361 0.731172 0.728083 0.733262 0.731528 0.736349 0.73396 0.737541 0.734631 0.736997 0.73385 0.73492 0.73147 0.731194 0.729485 0.722635
5200000 0.718152 0.731727 0.728885 0.734325 0.731902 0.736142 0.733932 0.736593 0.733725 0.736112 0.733266 0.734017 0.730071 0.731175 0.72807 0.722016
5300000 0.717895 0.73087 0.727828 0.732931 0.730883 0.73534 0.733161 0.736007 0.732907 0.735448 0.732369 0.733941 0.730395 0.731018 0.728965 0.72241
5400000 0.717143 0.731363 0.728396 0.734543 0.732949 0.73677 0.734817 0.738467 0.736161 0.738259 0.735654 0.736805 0.732893 0.733104 0.731008 0.724889
5500000 0.718746 0.731707 0.728794 0.735 0.733043 0.737492 0.735216 0.738533 0.736011 0.7384 0.735067 0.735858 0.732625 0.732809 0.731094 0.724297
5600000 0.718372 0.73231 0.729206 0.735077 0.733694 0.738155 0.735684 0.738437 0.736222 0.738122 0.73529 0.736513 0.732814 0.732632 0.730651 0.724344
5700000 0.716983 0.730577 0.726855 0.732821 0.730622 0.735589 0.733245 0.736257 0.733884 0.736482 0.733019 0.734795 0.731027 0.731498 0.729467 0.723699
5800000 0.718979 0.731356 0.728752 0.734669 0.733068 0.737109 0.734633 0.737933 0.735119 0.737966 0.734429 0.735779 0.731991 0.732328 0.730121 0.723038
5900000 0.718567 0.732565 0.729682 0.735443 0.733092 0.737635 0.735936 0.739078 0.736034 0.738132 0.734872 0.736747 0.733256 0.732951 0.730051 0.724175
6000000 0.71814 0.731139 0.728236 0.733422 0.731752 0.73596 0.733898 0.73669 0.734206 0.737036 0.733659 0.735462 0.73193 0.731957 0.730349 0.722767
6100000 0.717523 0.730968 0.727768 0.733307 0.731651 0.735574 0.73356 0.736962 0.734111 0.736637 0.733069 0.734455 0.730726 0.730586 0.728592 0.721553
6200000 0.719814 0.732425 0.72905 0.735376 0.732953 0.737406 0.735018 0.737704 0.735318 0.737644 0.734232 0.735307 0.732448 0.731781 0.729954 0.722361
6300000 0.718829 0.732006 0.729632 0.734724 0.733262 0.737492 0.734722 0.737962 0.735041 0.737204 0.733907 0.736023 0.732371 0.732991 0.730431 0.723126
6400000 0.717538 0.731569 0.728308 0.73455 0.732385 0.737306 0.734917 0.738863 0.736091 0.738635 0.73535 0.736858 0.73288 0.732636 0.730336 0.724583
6500000 0.71718 0.731603 0.728766 0.734487 0.732842 0.736923 0.735017 0.738609 0.736388 0.738451 0.73517 0.736329 0.732748 0.732969 0.730501 0.724115
6600000 0.7196 0.732481 0.729611 0.735834 0.733832 0.738257 0.735988 0.739405 0.736815 0.738772 0.735656 0.736838 0.732657 0.73287 0.73071 0.724523
6700000 0.719515 0.732344 0.729269 0.734741 0.732405 0.737251 0.734973 0.738235 0.734979 0.738214 0.734864 0.735927 0.73231 0.732695 0.730611 0.723573
6800000 0.717807 0.730394 0.727856 0.734001 0.731133 0.735946 0.733606 0.737316 0.734468 0.737057 0.733626 0.735379 0.731948 0.732002 0.729779 0.723163
6900000 0.720153 0.732878 0.729822 0.734902 0.733382 0.737244 0.734992 0.738519 0.73571 0.738328 0.734294 0.73586 0.732599 0.732929 0.730742 0.724767
7000000 0.717818 0.731646 0.728608 0.734205 0.731907 0.735895 0.733543 0.737192 0.734136 0.737024 0.733194 0.734239 0.731224 0.731674 0.729464 0.722895
7100000 0.718665 0.731897 0.729182 0.734971 0.733162 0.737347 0.735315 0.738228 0.735813 0.738075 0.734787 0.736199 0.732731 0.732532 0.730133 0.723252
7200000 0.718197 0.731779 0.728625 0.734232 0.732553 0.736407 0.734375 0.737475 0.735088 0.737339 0.733991 0.735467 0.731791 0.731866 0.729988 0.722991
7300000 0.71719 0.731293 0.728335 0.734495 0.732962 0.738459 0.735897 0.739592 0.736898 0.739016 0.736568 0.737351 0.733535 0.733922 0.731057 0.725402
7400000 0.719031 0.731766 0.728351 0.733685 0.731762 0.736101 0.733931 0.737536 0.735172 0.73686 0.733857 0.735481 0.731957 0.731848 0.729985 0.723129
7500000 0.719834 0.732447 0.729484 0.73503 0.733712 0.737337 0.735337 0.738305 0.735243 0.737958 0.733961 0.735642 0.732419 0.732062 0.729976 0.724337
7600000 0.717885 0.731458 0.728111 0.733741 0.7321 0.736187 0.733985 0.737305 0.734632 0.736641 0.733171 0.734909 0.731607 0.731958 0.7302 0.722898
7700000 0.717111 0.730017 0.727481 0.733838 0.731992 0.736462 0.734117 0.737891 0.735256 0.738 0.734525 0.736109 0.732099 0.73259 0.729839 0.723417
7800000 0.717479 0.731105 0.728134 0.734378 0.732121 0.73662 0.734742 0.738701 0.735789 0.738293 0.734647 0.736524 0.733415 0.733092 0.731229 0.724395
7900000 0.719585 0.732929 0.72962 0.734776 0.733108 0.737885 0.735704 0.739058 0.736403 0.738955 0.735791 0.737082 0.734074 0.734175 0.732111 0.725791
8000000 0.71787 0.730278 0.72752 0.733459 0.731388 0.736184 0.733838 0.73724 0.734554 0.736563 0.733368 0.734532 0.730691 0.731416 0.729371 0.723349
8100000 0.719615 0.732888 0.72983 0.735257 0.733265 0.736975 0.734642 0.737668 0.734751 0.737103 0.733832 0.73502 0.731291 0.731529 0.729711 0.722379
8200000 0.719226 0.732146 0.729411 0.735375 0.73344 0.737478 0.735758 0.738729 0.73579 0.738176 0.735657 0.736931 0.733247 0.733077 0.730525 0.724189
8300000 0.718226 0.731643 0.728609 0.734576 0.732669 0.737015 0.734666 0.737614 0.735228 0.737385 0.734009 0.735347 0.731883 0.731684 0.729156 0.722202
8400000 0.717947 0.731465 0.728432 0.733923 0.732588 0.736813 0.734491 0.737866 0.735484 0.737774 0.735 0.736307 0.733127 0.732856 0.730541 0.72417
8500000 0.718188 0.73188 0.728952 0.734267 0.732433 0.736375 0.734039 0.737927 0.734609 0.73735 0.734249 0.735104 0.731086 0.731898 0.730031 0.723241
8600000 0.719355 0.732488 0.729 0.73426 0.732782 0.737646 0.735342 0.738513 0.73618 0.73888 0.735742 0.736808 0.732829 0.733174 0.730812 0.724206
8700000 0.719317 0.732485 0.729294 0.73493 0.733326 0.737621 0.735587 0.738658 0.736158 0.738052 0.735287 0.736759 0.732898 0.73322 0.730844 0.724873
8800000 0.718323 0.731855 0.728909 0.734869 0.732748 0.737341 0.734715 0.738183 0.735976 0.737696 0.734674 0.736713 0.732804 0.732999 0.731246 0.724392
8900000 0.719139 0.732002 0.728931 0.734056 0.732619 0.736918 0.734542 0.738105 0.735642 0.737881 0.734267 0.736075 0.732216 0.732655 0.730705 0.723594
9000000 0.718033 0.731242 0.728036 0.733807 0.732008 0.736357 0.73421 0.737948 0.734945 0.736937 0.733529 0.734814 0.731356 0.731572 0.72913 0.722494
9100000 0.720057 0.733484 0.730453 0.736029 0.733837 0.737993 0.735286 0.738634 0.735721 0.738278 0.734958 0.736504 0.732776 0.732586 0.729825 0.723523
9200000 0.719811 0.732776 0.729498 0.735256 0.733047 0.737257 0.735181 0.738052 0.73508 0.737877 0.734272 0.735712 0.732113 0.732007 0.729595 0.723345
9300000 0.720288 0.733591 0.730472 0.735832 0.733504 0.737235 0.73516 0.738142 0.735068 0.737431 0.7347 0.735527 0.732209 0.732409 0.730413 0.723263
9400000 0.719868 0.732114 0.728986 0.73476 0.732712 0.737811 0.73506 0.739014 0.735968 0.738337 0.735101 0.736416 0.732217 0.732366 0.729922 0.723095
9500000 0.717088 0.730121 0.727889 0.733455 0.731488 0.736192 0.733768 0.737404 0.73465 0.737033 0.734373 0.73578 0.732176 0.732385 0.730262 0.723366
9600000 0.718862 0.732122 0.729224 0.734941 0.733322 0.737183 0.735245 0.738489 0.735833 0.738718 0.735602 0.736535 0.73315 0.733383 0.73113 0.724546
9700000 0.71916 0.731655 0.729397 0.734785 0.732577 0.737304 0.734949 0.738324 0.735209 0.738208 0.734705 0.736179 0.732208 0.732447 0.730551 0.723795
9800000 0.718662 0.73237 0.729142 0.735556 0.73317 0.738399 0.735924 0.739169 0.736492 0.738726 0.735348 0.737199 0.733469 0.733867 0.731707 0.724819
9900000 0.718724 0.731312 0.728402 0.734241 0.732187 0.73663 0.734695 0.737887 0.73541 0.737349 0.734307 0.735802 0.732214 0.732276 0.730481 0.723616
10000000 0.718476 0.731924 0.728579 0.734644 0.732875 0.737249 0.734952 0.737956 0.735524 0.737673 0.734726 0.736148 0.732651 0.733495 0.731274 0.724077
