0 0.508392 0.510219 0.505474 0.506953 0.510854 0.508436 0.50112 0.500495 0.494937 0.496014 0.49236 0.488381 0.484588 0.484844 0.474973 0.472341
10000 0.530997 0.540205 0.539447 0.54112 0.538417 0.537826 0.537895 0.534864 0.532074 0.530618 0.522963 0.518389 0.51638 0.518811 0.517945 0.515313
20000 0.569101 0.572821 0.575794 0.578907 0.57522 0.570928 0.576396 0.572679 0.567827 0.564519 0.563661 0.560972 0.557597 0.566696 0.564466 0.559885
30000 0.607426 0.603166 0.603475 0.606445 0.611726 0.612225 0.609879 0.606116 0.600371 0.593927 0.596949 0.599099 0.602355 0.59957 0.604773 0.595887
40000 0.637014 0.640491 0.643042 0.643698 0.650787 0.651832 0.650435 0.648796 0.643124 0.635593 0.633982 0.633424 0.632222 0.632641 0.634439 0.631994
50000 0.659623 0.663219 0.669635 0.670916 0.678161 0.681115 0.684955 0.678314 0.666397 0.659601 0.658152 0.655089 0.660295 0.66365 0.663395 0.662633
60000 0.687713 0.692686 0.695167 0.702282 0.711581 0.715025 0.714827 0.711948 0.700527 0.693335 0.687594 0.687305 0.689664 0.693939 0.691842 0.693358
70000 0.725933 0.727895 0.727908 0.734625 0.744846 0.743457 0.74593 0.739542 0.72773 0.725332 0.718678 0.717205 0.718282 0.721864 0.715478 0.714355
80000 0.753869 0.752599 0.760961 0.766047 0.77243 0.770693 0.771518 0.765788 0.761589 0.75586 0.749034 0.745931 0.747283 0.744627 0.745136 0.734797
90000 0.775984 0.778798 0.788217 0.787335 0.791883 0.789279 0.786241 0.78992 0.782465 0.775825 0.770176 0.76757 0.765444 0.762825 0.765146 0.76001
100000 0.797845 0.803738 0.808429 0.813382 0.818234 0.819401 0.817091 0.811574 0.803499 0.800425 0.790658 0.78613 0.784931 0.787079 0.786698 0.777906
110000 0.815679 0.823904 0.831602 0.837376 0.843087 0.841274 0.834537 0.829286 0.823236 0.819874 0.811552 0.806448 0.803604 0.799799 0.798919 0.795619
120000 0.830191 0.8427 0.850757 0.852654 0.85366 0.853768 0.848753 0.84535 0.839935 0.832509 0.82846 0.825292 0.821194 0.819079 0.81636 0.810806
130000 0.852785 0.865761 0.870057 0.869564 0.871588 0.868791 0.865593 0.863188 0.856536 0.851086 0.847494 0.842855 0.834999 0.835362 0.831071 0.827901
140000 0.865458 0.876688 0.88298 0.884086 0.880846 0.881741 0.876411 0.871117 0.867143 0.86253 0.857656 0.854479 0.851963 0.850377 0.846421 0.846832
150000 0.876637 0.886256 0.891828 0.89177 0.890078 0.893604 0.891966 0.884663 0.885366 0.88045 0.87514 0.869126 0.86605 0.864097 0.864832 0.864888
160000 0.882989 0.890112 0.895298 0.899981 0.899686 0.897854 0.898689 0.892162 0.893785 0.887489 0.879358 0.87845 0.876038 0.878601 0.880066 0.883783
170000 0.891815 0.897325 0.904222 0.908994 0.911237 0.910666 0.908831 0.901883 0.900823 0.897165 0.889501 0.888906 0.881067 0.881388 0.887034 0.888793
180000 0.89768 0.903117 0.908291 0.912307 0.914435 0.917367 0.914555 0.908353 0.905225 0.90242 0.899327 0.898002 0.885673 0.886881 0.887486 0.890356
190000 0.903186 0.909266 0.910778 0.913769 0.915317 0.915416 0.917189 0.915919 0.910869 0.907977 0.901598 0.899648 0.896133 0.89356 0.896535 0.90043
200000 0.913285 0.921197 0.919657 0.92384 0.922056 0.921045 0.923652 0.921334 0.920318 0.915852 0.910008 0.908915 0.905646 0.90553 0.902956 0.90396
210000 0.912716 0.920708 0.920513 0.924433 0.927048 0.929855 0.930042 0.928524 0.927991 0.92629 0.921197 0.915136 0.913792 0.915203 0.914403 0.909123
220000 0.924386 0.927942 0.928101 0.932372 0.932691 0.938491 0.935778 0.932996 0.930816 0.928366 0.925724 0.922151 0.919472 0.921912 0.916891 0.911324
230000 0.930684 0.936523 0.935164 0.935457 0.935912 0.940725 0.942111 0.94058 0.937991 0.936954 0.93464 0.927283 0.922723 0.927638 0.926947 0.919875
240000 0.935961 0.940545 0.937098 0.942367 0.942433 0.943711 0.94481 0.944286 0.942567 0.936973 0.934731 0.929384 0.929701 0.931764 0.932738 0.931652
250000 0.941428 0.94187 0.939869 0.941451 0.94212 0.945998 0.948646 0.947778 0.944486 0.942944 0.938973 0.93604 0.931328 0.93353 0.93386 0.934916
260000 0.946221 0.949725 0.949738 0.946119 0.947788 0.948565 0.949654 0.951599 0.946194 0.945833 0.941234 0.934322 0.932907 0.936236 0.938659 0.9384
270000 0.950452 0.954784 0.952662 0.952144 0.949517 0.94865 0.950633 0.953261 0.95183 0.947789 0.94464 0.939163 0.93475 0.935152 0.942221 0.944747
280000 0.954867 0.958285 0.955326 0.951938 0.950539 0.95189 0.956929 0.958547 0.952753 0.950137 0.947999 0.943816 0.936701 0.9374 0.943927 0.943671
290000 0.955535 0.958002 0.956654 0.953636 0.951691 0.954869 0.959111 0.960839 0.958118 0.953196 0.949615 0.947238 0.942217 0.945714 0.949743 0.949695
300000 0.959605 0.961921 0.960874 0.956963 0.954577 0.958364 0.957681 0.962276 0.959725 0.957518 0.949307 0.951592 0.94985 0.94564 0.947929 0.947158
310000 0.961347 0.962935 0.961026 0.957707 0.959946 0.961182 0.962923 0.966362 0.965837 0.961599 0.957779 0.953201 0.95034 0.949556 0.952352 0.94588
320000 0.963753 0.965999 0.964864 0.959368 0.962757 0.964164 0.96727 0.97096 0.969151 0.965047 0.958955 0.958205 0.955254 0.955465 0.958906 0.953156
330000 0.964522 0.966304 0.963859 0.963384 0.964947 0.969005 0.96898 0.972296 0.9702 0.965241 0.960737 0.960362 0.958444 0.954005 0.957234 0.955749
340000 0.967413 0.969555 0.968301 0.966862 0.968068 0.968795 0.968255 0.972519 0.972377 0.969426 0.965086 0.965468 0.965479 0.961574 0.960596 0.955863
350000 0.965657 0.969269 0.967843 0.969966 0.970101 0.971403 0.971462 0.973292 0.971256 0.970411 0.966949 0.964905 0.963188 0.960702 0.958952 0.958037
360000 0.967496 0.96972 0.968659 0.968419 0.970186 0.970805 0.970173 0.972099 0.974236 0.972442 0.968136 0.965763 0.96517 0.963067 0.96021 0.95691
370000 0.967614 0.971145 0.971637 0.971234 0.974106 0.974894 0.972683 0.973116 0.974476 0.972565 0.967395 0.96752 0.966944 0.964948 0.961514 0.960628
380000 0.968072 0.97266 0.972112 0.973038 0.97515 0.97745 0.974735 0.972276 0.973496 0.971813 0.968432 0.966485 0.966064 0.967135 0.965577 0.96555
390000 0.970256 0.971596 0.97025 0.974542 0.975442 0.97715 0.975249 0.975616 0.972323 0.973173 0.969442 0.96722 0.966345 0.968379 0.965991 0.965249
400000 0.973605 0.972704 0.97151 0.973913 0.975743 0.976047 0.974915 0.97298 0.972998 0.972994 0.970273 0.966498 0.965949 0.968711 0.967766 0.968131
410000 0.973543 0.975086 0.975184 0.974878 0.977007 0.976289 0.973903 0.973567 0.972505 0.973053 0.970143 0.969592 0.968242 0.968214 0.969728 0.968494
420000 0.973161 0.973243 0.974811 0.977182 0.978089 0.976596 0.976265 0.97652 0.975116 0.974694 0.971341 0.968771 0.968701 0.968216 0.969395 0.96972
430000 0.975491 0.975337 0.9754 0.977847 0.978377 0.977792 0.976004 0.976505 0.975211 0.976507 0.976189 0.974066 0.970798 0.970124 0.970472 0.972099
440000 0.975004 0.976136 0.976943 0.979966 0.979831 0.979408 0.978788 0.976334 0.975847 0.978501 0.977431 0.975384 0.971648 0.970998 0.972588 0.972895
450000 0.976518 0.977801 0.979539 0.981184 0.982392 0.982115 0.97935 0.979037 0.978754 0.979514 0.980314 0.977259 0.972893 0.969903 0.97098 0.969944
460000 0.977968 0.980674 0.981238 0.981881 0.982538 0.981307 0.980076 0.980221 0.979653 0.979571 0.97837 0.977377 0.974958 0.97231 0.971463 0.973796
470000 0.977068 0.981971 0.982644 0.983851 0.983294 0.9836 0.981978 0.98114 0.981318 0.98061 0.979377 0.978104 0.976915 0.972697 0.971837 0.971095
480000 0.978679 0.982794 0.983352 0.984208 0.983436 0.983054 0.982828 0.981682 0.981063 0.980807 0.979496 0.979684 0.980144 0.978163 0.970744 0.971177
490000 0.9822 0.984754 0.984253 0.985733 0.984371 0.983238 0.983702 0.982657 0.983052 0.983111 0.98162 0.979826 0.977739 0.9769 0.973571 0.972915
500000 0.9813 0.984956 0.98509 0.986089 0.984567 0.984032 0.98403 0.983767 0.982534 0.982939 0.981726 0.978629 0.977569 0.978505 0.974899 0.97332
510000 0.982544 0.985595 0.985725 0.986531 0.985053 0.985632 0.985544 0.983886 0.983495 0.984415 0.981679 0.982607 0.981671 0.97947 0.975996 0.974723
520000 0.983134 0.985585 0.98583 0.987119 0.986284 0.986158 0.983328 0.983271 0.986155 0.98579 0.984606 0.984279 0.981431 0.979791 0.979664 0.979532
530000 0.985959 0.987068 0.98778 0.987846 0.987797 0.986018 0.983472 0.983489 0.986436 0.988068 0.988411 0.988301 0.98432 0.97982 0.97871 0.978189
540000 0.986906 0.987466 0.987405 0.990229 0.989548 0.989112 0.985263 0.985776 0.987547 0.987728 0.988513 0.98864 0.984767 0.980087 0.978821 0.98115
550000 0.98826 0.988745 0.988774 0.988337 0.98829 0.988997 0.985176 0.985613 0.987121 0.988887 0.987579 0.987607 0.986122 0.982032 0.978961 0.980844
560000 0.987591 0.988251 0.987451 0.988447 0.989364 0.989188 0.984858 0.98694 0.987734 0.987467 0.98807 0.987739 0.985551 0.981549 0.979577 0.982176
570000 0.988401 0.989509 0.988194 0.990094 0.989432 0.989198 0.986651 0.986218 0.986806 0.987017 0.987574 0.987271 0.985961 0.98336 0.981941 0.981311
580000 0.987303 0.989668 0.99026 0.991412 0.991213 0.990677 0.987914 0.987863 0.98756 0.988473 0.989718 0.989573 0.986862 0.984703 0.982141 0.980059
590000 0.989403 0.989531 0.99089 0.991919 0.990356 0.98965 0.987022 0.987946 0.987793 0.987276 0.988989 0.988431 0.98686 0.984622 0.985345 0.983172
600000 0.989933 0.990398 0.990519 0.991941 0.990966 0.989652 0.988655 0.986951 0.984761 0.986873 0.989046 0.988205 0.987626 0.986819 0.985832 0.983755
610000 0.991021 0.991742 0.990919 0.99198 0.99107 0.989272 0.987051 0.988094 0.987316 0.988109 0.988608 0.989574 0.987261 0.985762 0.983707 0.983269
620000 0.991936 0.991625 0.992729 0.993309 0.991906 0.989719 0.98858 0.987569 0.987957 0.988088 0.990406 0.989841 0.988629 0.988839 0.985107 0.982105
630000 0.990972 0.993011 0.993488 0.993505 0.992401 0.990012 0.98797 0.988741 0.989705 0.988903 0.990326 0.990348 0.988665 0.987704 0.986874 0.983758
640000 0.992406 0.993815 0.993553 0.994055 0.992561 0.991541 0.989606 0.990589 0.990147 0.989092 0.988888 0.990821 0.989955 0.988889 0.988772 0.985441
650000 0.993445 0.994362 0.993873 0.993895 0.99261 0.991261 0.989186 0.989559 0.990297 0.990277 0.989351 0.990107 0.990861 0.989947 0.988177 0.986342
660000 0.993023 0.994483 0.994454 0.994353 0.992994 0.990664 0.990154 0.990434 0.989989 0.991323 0.990061 0.989607 0.990727 0.989555 0.987335 0.985959
670000 0.993478 0.994392 0.994253 0.994493 0.992826 0.990746 0.989714 0.989888 0.990683 0.9912 0.990548 0.990365 0.989722 0.988652 0.989253 0.989123
680000 0.993832 0.994445 0.994393 0.994513 0.993156 0.99177 0.990248 0.990737 0.989825 0.990841 0.991005 0.990664 0.991035 0.991083 0.989474 0.987781
690000 0.993333 0.994272 0.994356 0.993847 0.993021 0.991283 0.992193 0.991973 0.991576 0.991214 0.990173 0.991771 0.991699 0.9911 0.991204 0.989433
700000 0.993914 0.994489 0.993911 0.993646 0.992606 0.991283 0.990624 0.991275 0.991356 0.990557 0.99049 0.989805 0.990836 0.991304 0.990616 0.990346
710000 0.993869 0.994737 0.994096 0.993883 0.99291 0.992168 0.990104 0.990318 0.990506 0.990669 0.990735 0.991663 0.990997 0.991474 0.990685 0.99083
720000 0.994383 0.994791 0.993652 0.993057 0.99113 0.991744 0.991214 0.991014 0.991766 0.991593 0.989663 0.990913 0.991228 0.990654 0.989768 0.990574
730000 0.994174 0.994613 0.993498 0.992803 0.99191 0.9921 0.991318 0.990556 0.990887 0.99157 0.990777 0.990974 0.991299 0.991319 0.99038 0.989877
740000 0.993103 0.993427 0.992573 0.993068 0.991946 0.99271 0.992202 0.993201 0.992692 0.991764 0.991661 0.990667 0.99121 0.99172 0.991152 0.991201
750000 0.992673 0.992937 0.992458 0.992683 0.992092 0.993433 0.99284 0.993853 0.992685 0.992391 0.991709 0.992143 0.992652 0.991942 0.990764 0.991075
760000 0.992962 0.994167 0.993552 0.993909 0.992068 0.993175 0.994066 0.994431 0.993456 0.992425 0.992353 0.992803 0.992445 0.992569 0.991513 0.990859
770000 0.993645 0.994766 0.994084 0.994119 0.992909 0.993308 0.992809 0.993641 0.992603 0.991975 0.991953 0.992987 0.993202 0.993535 0.993432 0.991297
780000 0.993994 0.994445 0.994151 0.993167 0.993237 0.99448 0.993296 0.993559 0.992542 0.992525 0.99356 0.993939 0.993181 0.994159 0.9943 0.993848
790000 0.994052 0.99447 0.994412 0.993827 0.992321 0.993404 0.994049 0.993671 0.993249 0.991853 0.992228 0.993737 0.993161 0.993578 0.994139 0.993679
800000 0.993777 0.99504 0.994562 0.992168 0.993453 0.99349 0.994978 0.994919 0.994342 0.993695 0.992478 0.993726 0.992836 0.993851 0.994278 0.993778
810000 0.994093 0.995031 0.994219 0.993182 0.99357 0.993194 0.995141 0.995169 0.994673 0.993498 0.993118 0.993925 0.993481 0.993413 0.993813 0.993744
820000 0.99419 0.994538 0.993079 0.993094 0.99319 0.994366 0.994848 0.994975 0.994985 0.99374 0.992894 0.993096 0.993025 0.992926 0.99384 0.993777
830000 0.994885 0.994873 0.993975 0.993392 0.992831 0.994224 0.995205 0.995088 0.994849 0.99411 0.993754 0.993382 0.992919 0.992821 0.993545 0.99377
840000 0.994842 0.995252 0.994656 0.993662 0.992103 0.994718 0.995092 0.995647 0.995469 0.994275 0.993084 0.993032 0.993565 0.994227 0.993197 0.992854
850000 0.994984 0.995205 0.993999 0.992771 0.993913 0.99515 0.995273 0.995778 0.995161 0.99403 0.993361 0.993195 0.993853 0.994615 0.994035 0.993234
860000 0.994615 0.995576 0.993672 0.99292 0.994482 0.99584 0.995488 0.995513 0.994638 0.993315 0.993572 0.99383 0.994194 0.994918 0.993687 0.993394
870000 0.994469 0.994852 0.993287 0.993972 0.993503 0.994954 0.994931 0.995568 0.995132 0.993413 0.993613 0.994502 0.994178 0.995091 0.994673 0.993013
880000 0.993822 0.995098 0.994559 0.994448 0.994176 0.994829 0.994736 0.995257 0.994455 0.99288 0.993349 0.995054 0.995075 0.995307 0.994548 0.993891
890000 0.994427 0.995481 0.994746 0.995105 0.994147 0.994655 0.994751 0.995218 0.994049 0.992225 0.99389 0.995451 0.995087 0.995399 0.995206 0.994009
900000 0.994227 0.995116 0.994439 0.993992 0.994573 0.995631 0.995356 0.995519 0.994167 0.992889 0.993793 0.994824 0.994754 0.994982 0.995138 0.99425
910000 0.994672 0.995499 0.994431 0.993917 0.993986 0.994966 0.99507 0.995313 0.994708 0.992382 0.994223 0.995202 0.994754 0.994918 0.995139 0.994681
920000 0.994441 0.995515 0.994945 0.994045 0.994212 0.995291 0.995303 0.995389 0.994306 0.992959 0.993284 0.995107 0.995278 0.995225 0.995071 0.994741
930000 0.99475 0.995343 0.994319 0.994516 0.994005 0.994921 0.995156 0.994944 0.994209 0.993059 0.993977 0.995238 0.995178 0.9953 0.99533 0.994929
940000 0.993256 0.995232 0.994505 0.994236 0.993884 0.995202 0.995173 0.994421 0.993951 0.993012 0.994704 0.995713 0.995684 0.995723 0.995794 0.995538
950000 0.993911 0.99466 0.99463 0.994353 0.993938 0.995209 0.994642 0.994234 0.993017 0.992449 0.994183 0.995404 0.995053 0.995466 0.995201 0.994976
960000 0.993354 0.994525 0.993928 0.994706 0.994925 0.995413 0.994479 0.993804 0.992404 0.993913 0.994404 0.995582 0.995386 0.995672 0.995654 0.995429
970000 0.993477 0.99431 0.993732 0.995128 0.995082 0.995463 0.994369 0.99317 0.992547 0.994255 0.995115 0.995806 0.995778 0.995831 0.995766 0.995508
980000 0.994315 0.995135 0.994065 0.994837 0.9952 0.995319 0.994621 0.993578 0.994604 0.995306 0.995685 0.99587 0.995741 0.995984 0.995755 0.995383
990000 0.993737 0.994651 0.994951 0.995515 0.995421 0.995445 0.993589 0.993337 0.993648 0.994994 0.995585 0.995762 0.995498 0.995666 0.995738 0.995406
1000000 0.99313 0.99428 0.994816 0.995304 0.995175 0.994848 0.993627 0.993238 0.994847 0.995493 0.995523 0.995665 0.995418 0.995621 0.995664 0.995024
