0 1
5e-06 0.752593
1e-05 0.764355
1.5e-05 0.735975
2e-05 0.713843
2.5e-05 0.700716
3e-05 0.691671
3.5e-05 0.681358
4e-05 0.672321
4.5e-05 0.663492
5e-05 0.675752
5.5e-05 0.781217
6e-05 0.676008
6.5e-05 0.677943
7e-05 0.672274
7.5e-05 0.657613
8e-05 0.629582
8.5e-05 0.620492
9e-05 0.610371
9.5e-05 0.598151
0.0001 0.588704
0.000105 0.604122
0.00011 0.687182
0.000115 0.612514
0.00012 0.618751
0.000125 0.610879
0.00013 0.594763
0.000135 0.554291
0.00014 0.537305
0.000145 0.524047
0.00015 0.503021
0.000155 0.488367
0.00016 0.513592
0.000165 0.540245
0.00017 0.521603
0.000175 0.528375
0.00018 0.510561
0.000185 0.481615
0.00019 0.404749
0.000195 0.366188
0.0002 0.318413
0.000205 0.272951
0.00021 0.204848
0.000215 0.221573
0.00022 0.0118623
0.000225 0.335707
0.00023 0.148708
0.000235 0.219682
0.00024 0.275654
0.000245 0.0391642
